3056	107	4	33.4
1384	14	4	8.5
86	116	6	4.92
1813	112	3	20.37
106	515	3	8.89
101	224	32	148.58
1257	2355	3	47.98
108	928	7	49.19
109	255	14	75.03
105	362	3	6.34
183	108	3	4.06
133	124	5	12.69
125	119	5	6.84
447	676	4	47.86
968	12	7	18.22
105	4000	4	35.74
1966	482	3	41.17
539	14	11	27.05
951	163	3	27.79
676	14	7	13.61
102	572	5	15.51
104	1799	3	14.17
2261	3262	3	54.75
12	1630	3	5.59
119	464	3	14.79
114	115	8	6.58
366	122	4	21.34
104	4396	4	33.95
17	3859	4	52.77
106	312	3	5.63
101	2333	4	21.81
1060	222	3	31.15
4705	102	4	31.45
12	1171	4	6.82
103	5790	3	24.93
739	308	8	103.92
811	214	3	29.55
102	1778	4	19.28
118	131	26	129.04
340	246	3	24.95
130	153	3	9.51
101	1807	5	26.86
935	369	4	49.23
228	305	3	23.28
6967	14	3	16.5
1197	102	4	16.49
12	485	27	131.73
189	178	3	16.82
12	156	30	34.12
102	830	4	13.42
1039	103	3	10.73
204	113	4	11.08
1033	450	4	51.56
893	110	3	15.76
382	12	7	6.11
1344	14	3	4.66
236	14	26	57.26
4307	3506	4	87.41
8	206	6	12.46
108	4867	3	29.91
998	1224	5	78.74
1368	12	3	4.44
249	2659	3	38.51
2638	105	5	39.29
2434	9	3	19.57
102	2589	4	23.89
121	287	4	18.69
101	2059	5	28.6
102	609	3	6.57
5674	2652	3	62.72
12	2806	3	8.32
198	2034	3	34.09
1121	14	4	7.14
127	112	30	121.29
110	849	6	40.19
154	110	4	6.58
107	286	4	10.69
158	2851	3	34.23
102	4302	4	31.45
121	2727	4	39.3
312	101	21	98.37
2777	12	3	8.32
256	113	5	19.2
1506	12	3	4.97
104	6624	3	25.46
102	3616	4	26.49
119	2277	3	24.58
1674	107	4	26.1
417	167	10	102.55
647	14	5	6.16
574	112	4	20.93
6464	14	3	16.5
12	1729	5	15.22
102	1174	5	22.31
5822	12	3	16.22
1611	8	4	22.63
226	327	20	246.63
191	2080	3	33.76
104	2158	4	24.47
108	2439	4	32.27
101	1212	3	10.3
1468	101	8	52.58
110	338	3	9.62
4593	12	3	11.86
2464	2467	5	102.48
225	9	5	10.89
3465	102	4	26.49
108	2095	4	30.36
216	1575	7	94.03
9	13	15	33.57
169	2810	3	34.67
12	653	18	77.02
1485	14	4	9.33
108	1840	5	39.31
285	125	6	35.68
102	108	298	1147.7
2096	9	3	18.34
101	1398	6	31.92
251	12	26	59.4
3414	340	3	42.41
1167	2602	3	48.68
3730	534	4	70.09
12	3199	4	16.76
271	107	4	10.04
109	298	8	36.85
915	12	6	12.65
172	684	3	26.46
849	14	4	5.16
929	128	3	22.09
105	205	12	39.74
1405	14	4	8.5
1103	104	7	41.64
331	12	10	10.88
102	1248	4	16.49
3778	988	4	75.02
662	103	4	13.33
950	12	4	5.75
102	1554	3	11.65
110	1232	5	35.55
578	8	3	9.35
432	101	4	8.05
12	3250	5	27.03
153	1603	5	55.66
672	381	8	107.21
1005	169	3	28.45
1079	107	12	108.2
4500	104	3	20.99
582	14	5	5.44
680	135	3	21.47
2804	14	3	8.57
148	120	5	14.61
126	318	4	21.7
391	223	6	59.2
159	1059	4	40.02
122	1020	3	20.87
110	1022	3	16.63
136	242	3	14.71
238	111	7	28.61
136	102	12	8.24
112	1350	5	37.86
128	131	5	13.56
12	1606	3	4.97
2857	12	4	14.26
114	1016	3	18.3
314	597	3	30.8
477	12	6	5.74
1445	9	3	15.75
120	445	4	22.84
12	1141	5	10.82
104	411	25	173.36
12	1351	3	4.44
104	351	3	4.97
149	103	7	5.4
1620	124	3	24.19
371	12	7	5.57
103	1397	3	12.29
8	593	5	21.26
1954	14	3	6.57
1287	474	6	87.1
1301	14	4	8.5
12	4735	3	11.86
12	2885	3	8.32
104	1253	3	12.22
4325	1962	3	55.96
404	12	7	6.7
102	4325	3	19.13
105	3153	3	20.12
1390	12	4	8.17
164	101	9	10.44
102	4400	4	31.45
108	1444	6	46.42
259	112	4	13.28
101	2284	3	14.04
122	3211	3	28.64
615	858	4	52.62
101	746	9	44.44
102	1976	3	13.2
130	536	3	19.87
8	121	13	9.44
682	12	5	6.62
274	223	5	42.26
2718	6521	3	62.72
12	1379	9	38.5
1083	14	5	11.23
2898	14	4	14.62
108	1190	6	43.28
121	257	4	17.59
389	255	11	128.53
1633	12	5	15.22
12	683	5	6.62
1890	124	5	50.08
9	12	344	417.33
105	1172	5	27.54
276	9	3	5.28
2874	14	3	8.57
113	326	3	10.15
1718	14	3	5.83
6217	14	3	16.5
871	2882	3	47.28
492	14	8	12.6
269	104	4	6.07
131	128	3	5.46
2144	3505	5	104.92
564	121	4	25.06
407	177	3	23.26
1501	662	3	41.6
888	12	6	12.65
7067	103	3	24.93
4739	1049	3	51.99
105	157	26	104.88
2254	12	5	18.93
109	389	8	42.35
4816	4816	3	62.04
120	4436	3	30.6
101	556	3	5.98
355	14	7	5.51
2752	14	3	8.57
137	1515	6	64.35
388	14	17	45.09
102	527	3	5.9
110	244	4	12.05
369	387	3	29.08
5777	798	3	54.82
579	103	7	29.75
2047	550	3	42.11
703	101	4	11.88
101	1063	3	9.33
232	175	9	76.37
399	112	4	17.56
1383	14	5	13.13
155	238	3	17.61
796	410	5	63.63
104	567	3	7.75
104	1231	9	62.99
791	14	4	4.78
107	149	5	5.95
3217	12	3	9.76
674	101	14	82.96
112	119	8	7.19
1407	277	10	152.69
103	288	8	22.65
307	186	17	187.6
1240	1427	3	44.65
4480	59	4	54.42
525	3414	5	87.42
107	504	3	10.35
2782	14	3	8.57
12	171	20	14.79
419	126	7	51.43
108	1298	3	17.13
12	291	8	4.32
115	254	8	39.99
1501	14	4	9.33
109	842	7	47.62
12	1560	5	13.86
12	1492	5	13.86
459	103	4	10.26
104	715	11	66.12
6359	1688	3	59.58
248	154	47	600.73
101	240	5	6.01
6649	2658	3	62.72
101	165	10	13.36
169	540	3	24.42
323	140	4	26.2
113	135	25	108.16
463	319	4	41.34
101	1571	7	42.59
2363	14	4	12.83
1880	855	5	82.11
107	965	6	37.54
128	1953	6	65.17
603	12	6	8.39
2730	12	4	14.26
2998	101	5	39.06
12	4391	3	11.86
3199	137	5	64.81
134	130	4	11.09
170	256	3	19.15
104	2189	4	24.47
866	14	6	13.14
2222	381	3	40.66
1359	14	3	4.66
101	555	3	5.98
12	1750	3	5.59
1221	101	3	10.3
3544	12	3	9.76
105	295	3	5.09
137	145	6	26.31
827	586	4	52.24
1933	420	3	40.16
104	4365	3	20.99
123	113	19	53.12
1760	12	3	5.59
309	14	15	26.03
120	786	3	18.96
1290	14	3	4.19
2146	14	4	12.83
119	433	3	14.21
194	192	5	35.15
121	2336	6	64.68
1479	144	3	28.42
117	219	4	14.02
101	1331	3	10.87
1396	12	3	4.44
111	1070	4	25.2
107	2537	5	42.59
495	858	5	66.42
5839	101	3	23.43
102	166	6	3.99
108	3653	4	39.88
545	105	14	89.55
2297	14	3	7.46
2021	14	3	6.57
131	2915	4	43.58
116	1912	3	22.83
105	565	14	91.12
2816	105	3	18.55
709	586	5	66.24
939	101	3	8.91
101	213	7	9.9
123	536	3	17.07
104	4568	3	20.99
108	526	10	65.33
182	373	3	22.74
166	669	3	25.73
1222	12	4	7.46
468	628	3	34.02
8	39	9	6.01
118	349	4	18.98
367	106	3	6.84
605	135	3	20.89
101	1923	3	13.05
104	1438	3	12.8
108	1295	5	34.78
114	1787	3	21.35
504	236	3	27.54
112	2747	4	34.74
107	151	5	6.29
660	113	3	14.99
682	1224	3	40.64
235	107	5	13.17
122	707	3	18.54
210	116	3	8.24
102	882	7	33.47
108	2931	3	23.2
348	135	3	17
397	14	8	9.55
101	899	10	57.21
118	104	14	4.32
107	1581	4	25.02
104	498	6	22.46
3102	12	3	9.76
2492	101	3	15.24
3035	805	4	68.86
637	101	6	21.74
115	418	3	12.75
111	278	3	8.36
1669	111	4	29.53
102	672	10	50.02
339	184	5	42.18
1403	110	8	70.01
1945	2367	6	119.02
139	124	9	35.64
4286	101	3	18.98
218	175	3	17.87
132	436	3	18.48
4795	45	3	32.57
336	12	8	6.26
1529	101	7	42.59
887	115	5	34.87
410	14	7	7.49
805	14	11	39.21
423	102	4	8.22
101	693	3	7.22
329	1175	3	34.82
185	1353	10	140.58
667	14	5	6.56
2299	12	3	7.21
790	101	3	7.82
104	471	4	11.14
115	373	3	12.09
120	324	4	19.68
427	101	9	32.62
154	12	26	21.73
1063	12	10	37.86
124	227	3	11.59
103	314	3	3.91
1183	460	5	68.58
352	108	5	19.7
788	119	4	26.52
221	710	15	208.48
3188	2357	5	104.92
170	218	3	17.61
108	2434	3	21.63
1598	12	3	4.97
478	12	9	14.91
183	212	3	18.16
1874	5219	3	60.45
109	237	43	343.68
1306	14	3	4.66
910	977	6	92.4
687	261	3	30.12
101	136	10	4.42
1552	9	3	15.75
1024	1143	3	42.45
124	941	3	21.42
12	768	6	11.18
2138	112	3	22.24
313	201	3	22.42
12	2531	4	14.26
745	120	6	46.6
101	1384	3	10.87
102	212	31	137.28
6858	101	3	23.43
1062	101	9	52.27
107	1035	4	21.8
3843	3831	4	92.42
407	245	3	26.46
133	113	5	6.68
1245	14	6	17.15
131	140	6	23.95
697	757	3	37.56
101	219	6	7.37
102	1160	7	37.34
102	4027	3	19.13
337	101	5	9.29
117	213	3	8.68
577	12	5	5.1
1761	348	9	149.22
108	2093	4	30.36
1159	14	9	33.97
2403	388	7	118
824	104	3	10.02
218	447	10	112.71
3255	114	3	26.04
104	1286	8	52.75
6214	711	3	54.13
2248	489	4	59.59
322	124	3	14.26
102	1735	3	12.37
199	508	3	25.92
1614	14	5	14.29
2465	14	4	14.62
12	1184	10	40.43
2724	14	4	14.62
243	619	4	41.52
104	187	9	18.36
264	196	3	20.74
3510	179	3	36.84
3836	1401	3	53.65
151	119	4	9.36
136	129	3	6.2
171	1491	3	30.98
102	823	3	8.3
102	643	7	28.12
1353	12	3	4.44
103	418	6	19.07
124	379	7	48.79
8	3866	3	22.49
375	14	14	30.15
129	187	4	16.71
12	161	117	570.06
12	104	181	7.78
1073	9	3	13.98
318	162	4	29.61
253	1595	3	34.71
153	730	3	25.12
318	105	10	41.12
102	4539	4	31.45
5248	101	3	23.43
108	1299	6	44.74
347	317	3	26.86
419	271	3	27.05
2978	2114	5	104.92
240	2566	3	38.22
316	274	5	47.18
57	114	14	59.55
12	2911	5	21.76
101	748	3	7.51
151	104	6	4.44
575	101	4	10.43
1457	2489	3	50.5
128	119	4	4.63
1289	12	5	11.7
308	12	12	15.04
1060	12	4	6.26
3298	147	3	34.29
212	656	3	28.1
118	208	4	13.81
1625	14	3	5.83
161	128	3	9.21
304	104	4	7.4
590	14	24	132.01
2435	14	3	8.57
232	174	3	18.5
142	144	6	28.49
1862	1865	4	70.24
335	104	4	8.13
486	112	4	19.34
191	196	5	35.26
2022	12	4	11.09
183	1746	4	46.07
116	477	3	14.08
401	308	8	92.17
205	257	3	21.12
1742	12	3	5.59
112	726	3	15.35
5518	101	3	23.43
101	1264	3	10.3
12	938	5	9.32
1192	14	4	7.78
230	111	5	16.45
4564	14	3	12.13
2349	14	3	7.46
119	381	4	20.37
109	525	17	135.97
983	14	4	6.05
105	242	3	3.92
104	4361	3	20.99
12	5463	3	16.22
118	767	6	45.18
106	193	6	11.71
411	124	4	24.02
396	12	10	15.13
2757	105	4	28.15
104	4532	4	33.95
101	301	10	29.32
1359	420	5	69.74
222	14	19	26.11
108	867	10	78.67
216	449	4	36.47
192	603	7	75.51
937	112	6	43.45
3101	14	3	10.03
12	801	4	4.88
783	107	4	19.55
912	14	4	5.59
3938	2650	3	58.22
1475	12	4	8.99
4393	2276	3	56.98
111	652	3	14.06
1176	101	8	45.38
6590	101	3	23.43
194	2768	3	36.22
425	239	3	26.46
12	638	12	35.95
352	437	3	29.53
974	14	5	9.72
113	173	15	72.9
2160	14	3	7.46
12	2415	3	7.21
305	102	7	16.25
101	256	4	3.94
86	206	6	25.13
928	102	4	14.49
1273	14	4	7.78
156	101	14	24.54
1743	12	3	5.59
769	115	3	16.69
825	12	6	11.89
104	667	3	8.75
314	236	3	23.95
109	358	13	80.19
2035	14	3	6.57
1044	14	8	25.66
102	1234	7	38.95
123	178	4	13.6
123	112	8	9.92
2279	14	3	7.46
110	247	3	7.53
103	639	3	8.01
12	4331	3	11.86
194	131	20	160.74
1259	101	7	38.59
102	2831	6	47.18
117	166	4	10.83
12	1104	4	6.82
117	218	4	13.92
103	336	3	4.22
102	1052	13	95.09
13	272	3	15.83
4177	14	3	12.13
2415	370	3	40.33
315	251	3	24.41
7050	2254	3	61.48
6288	983	3	56.03
108	2932	3	23.2
1428	103	4	19.05
397	101	3	4.12
102	1746	3	12.37
8	275	7	21.35
108	4850	3	29.91
2211	12	3	7.21
3197	12	3	9.76
12	3698	3	11.86
1736	182	5	60.53
569	113	6	36.74
1563	101	8	52.58
724	135	4	32.02
165	116	5	14.72
1424	14	5	13.13
113	3290	3	25.33
236	272	4	32.81
4288	4569	3	62.04
4201	154	3	37.51
107	354	3	7.95
108	1294	5	34.78
12	133	236	1163.74
347	14	16	34.79
153	845	5	48.94
655	136	3	21.67
163	744	3	26.23
220	2338	4	51.31
165	562	4	35.19
128	515	8	66.19
1544	101	5	25.4
105	2418	3	17.33
321	164	34	438.93
103	211	5	6.33
103	6319	3	24.93
890	324	5	61.57
7058	122	3	35.35
645	435	3	33.42
460	14	11	22.81
412	1057	10	154.77
102	2197	3	14.19
3345	713	5	90.8
8	35	3	22.49
3866	14	4	21.99
102	2527	4	23.89
2033	12	3	6.33
186	105	58	381.48
16	2	6	20.71
109	6870	3	30.21
101	335	6	13.12
102	1435	7	40.79
1539	482	3	39.53
137	583	4	30.27
3288	14	3	10.03
102	5726	3	23.59
102	3874	3	19.13
2223	101	4	21.81
898	103	4	15.63
104	2073	4	22.97
103	2288	4	23.78
571	175	3	25.29
255	2039	3	36.34
128	3385	3	30.33
122	451	3	15.8
740	1363	3	41.58
102	421	3	4.52
103	766	4	14.62
468	1222	3	38.04
501	447	3	32.07
389	989	9	132.1
3594	388	4	62.07
597	9	16	120.41
1823	12	3	5.59
1010	101	4	14.9
744	12	8	18.91
119	351	4	19.33
101	386	4	7.24
1879	1307	7	133.45
145	126	5	16.86
254	102	4	3.99
108	2433	5	44.46
109	456	6	30.3
4766	154	3	37.51
196	611	6	63.02
411	12	9	12.82
1395	12	4	8.17
540	3496	3	45.71
4391	12	3	11.86
101	475	6	17.82
835	12	6	11.89
444	12	8	10.59
1138	103	6	32.15
117	140	3	4.24
1276	102	3	10.45
1911	14	5	17.3
107	628	6	32.07
4670	106	3	22.74
302	14	19	41.37
109	1268	4	25.11
108	1837	6	50.86
122	4685	3	30.86
127	2166	3	27.39
12	668	7	13.05
108	1625	4	27.58
1142	14	4	7.14
111	633	5	28.91
701	12	8	17.99
2429	12	3	8.32
110	483	3	12.06
320	101	8	20.87
86	216	6	25.56
341	103	3	4.32
131	141	7	30.06
101	286	4	4.76
108	866	5	30.13
2	86	4	8.71
5194	723	3	54.47
105	428	3	7.39
1113	14	4	7.14
3350	14	3	10.03
785	111	14	127.6
575	123	3	17.57
16	2965	5	59.46
724	103	3	8.86
1219	12	3	3.97
6972	184	3	43.91
981	12	4	5.75
12	105	149	8.26
224	104	5	7.61
105	3545	3	20.12
103	419	3	5.62
1481	1087	3	44.78
178	2661	3	35.2
174	116	3	6.53
2383	122	3	25.82
102	1018	4	15.1
108	3661	4	39.88
379	102	13	54.42
102	4205	3	19.13
109	1672	3	18.83
107	333	4	11.9
107	197	4	7.01
6806	12	3	16.22
142	1608	3	28
146	527	3	22.32
361	14	7	5.75
4597	104	3	20.99
5306	1147	3	56.99
158	1156	3	28.51
728	14	4	4.42
813	14	17	93.49
2639	102	6	47.18
105	1497	3	14.75
391	405	3	29.93
1521	101	3	11.5
1234	105	10	78.61
567	182	16	202.36
6778	12	3	16.22
550	103	4	11.93
120	670	3	17.97
1369	14	3	4.66
107	1717	3	17.43
2	215	3	15.59
108	927	10	80.73
1071	12	6	14.42
457	1118	4	52.53
104	2630	4	26.37
4000	4497	4	92.42
3805	3833	4	92.42
101	1382	3	10.87
126	115	8	14.67
1120	12	4	6.82
110	471	7	40.16
101	1502	3	11.5
107	950	3	13.97
106	4074	3	22.74
102	829	4	13.42
57	14	52	99.24
204	112	3	6.51
112	410	3	11.78
12	3106	3	9.76
103	356	7	21.78
3506	700	5	90.8
1442	9	3	15.75
104	1394	3	12.8
129	131	3	5.83
12	155	23	16.17
503	12	10	20.06
120	346	3	13.56
648	12	6	8.87
3207	101	3	16.79
104	131	29	72.03
12	1373	3	4.44
8	2958	5	44.95
311	293	6	60.16
2659	5949	3	62.72
2336	14	3	7.46
8	242	10	35.34
990	14	4	6.05
581	754	6	83.07
855	102	5	19.19
170	704	3	26.2
104	2681	4	26.37
1372	144	3	27.75
399	12	8	8.99
1835	105	6	42.22
368	12	9	10.68
2594	12	3	8.32
12	486	8	12
189	113	3	6.13
2575	105	3	18.55
1586	104	4	20.66
250	14	9	4.78
1298	14	4	8.5
544	278	5	53.78
158	351	5	40.38
907	364	4	48.42
127	113	9	16.86
112	246	3	8.16
818	105	12	86.78
161	101	14	26.04
3012	4513	4	87.41
1051	103	4	16.81
274	405	14	177.18
469	164	22	282.57
249	123	5	24.48
423	353	15	206.7
971	4681	3	51.53
555	1433	4	56.02
264	422	3	26.85
1112	111	3	17.44
1585	372	8	124.16
1907	102	4	20.52
1272	14	3	4.19
101	2635	3	15.24
115	178	3	6.16
177	14	30	46.67
136	121	27	150.98
238	113	4	12.81
625	915	7	104.45
111	292	11	61.48
1741	115	3	21.38
112	501	6	34.68
1117	102	5	22.31
215	4488	3	40.88
618	851	4	53.01
113	107	36	70.28
515	8	5	19.56
2720	103	3	16.71
108	1839	6	50.86
1141	115	4	27.75
387	103	4	8.94
105	446	6	23.33
1005	12	5	10.03
454	113	3	12.6
107	1822	3	17.43
86	39	4	4.48
102	1115	3	9.94
101	587	20	134.87
1439	14	3	4.66
310	215	3	22.85
104	4328	3	20.99
119	2701	3	25.82
108	2440	6	59.83
723	8	3	10.75
85	59	4	19.41
45	9	15	24.12
120	821	6	48.21
144	108	5	6.68
119	498	4	22.69
108	719	7	44.96
165	1061	3	28.3
2122	730	3	44.91
108	2096	3	20.4
910	2031	8	151.56
158	2339	3	32.99
885	12	5	8.68
1535	113	6	50.69
117	151	4	9.06
107	798	3	12.81
130	3317	3	31.67
184	116	3	7.02
126	453	5	34.04
12	2356	6	26.83
1865	14	3	6.57
1981	235	3	35.78
12	2176	3	7.21
105	461	3	7.74
109	220	8	29.93
133	211	4	19.62
621	177	3	26.01
2167	12	3	7.21
1872	105	4	24.74
5559	120	3	35.09
101	199	5	3.89
101	149	13	17.11
6444	2564	3	62.72
123	424	3	15.6
3601	102	3	16.94
306	39	3	14.62
103	1036	3	10.73
113	116	25	66.14
9	17	7	7.46
708	103	4	13.73
213	2044	3	34.72
3064	1054	3	49.76
1053	12	4	6.26
690	110	20	207.45
2164	9	3	18.34
3394	12	3	9.76
1387	103	3	12.29
116	4218	3	28.88
110	144	5	8.19
1634	14	6	21.93
143	400	3	19.91
373	173	3	22.41
150	125	3	7.52
1493	14	3	5.2
295	13	5	32.93
310	104	3	4.22
458	106	5	18.53
144	225	15	128.81
12	1723	3	5.59
119	471	3	14.79
1456	129	9	106.18
2355	14	3	7.46
8	2668	3	18.71
102	3486	3	16.94
3005	14	3	10.03
2087	14	3	6.57
393	412	5	55.9
1214	14	6	17.15
235	103	10	27.89
103	271	8	21.28
286	113	4	14.69
112	131	6	9.16
1334	241	10	149.55
2505	4959	3	62.72
195	122	4	14.64
107	495	5	22.09
1088	167	3	28.9
858	14	7	16.78
5924	14	3	16.5
102	5404	3	23.59
167	458	4	33.48
1466	12	3	4.97
104	3105	3	18.79
2990	101	5	39.06
112	1351	3	18.95
749	12	4	4.15
3009	103	5	41.56
1801	12	3	5.59
694	678	3	36.91
2376	5396	3	61.48
593	9	7	36.99
1740	532	3	40.99
101	745	13	78.13
108	4832	3	29.91
2119	1494	4	69.4
8	1442	3	14.9
4278	6019	3	66.54
850	12	5	8.1
2271	101	3	14.04
120	1136	4	30.8
534	443	5	60.1
129	202	14	99.03
108	1189	5	33.65
12	118	359	1304.49
12	281	18	32.26
217	1136	3	31.42
101	3556	3	16.79
1509	12	4	8.99
107	213	3	4.36
12	432	7	7.34
108	1445	6	46.42
104	1336	5	27.45
110	600	20	189.67
102	1094	3	9.94
116	2843	5	50.24
113	1092	3	18.09
103	178	11	23.06
2256	14	3	7.46
106	773	3	11.32
209	102	7	10.04
101	918	3	8.52
120	216	3	9.88
3980	645	3	49.02
665	12	6	9.39
2774	12	3	8.32
132	213	4	19.62
104	577	3	7.98
198	225	3	19.48
750	101	3	7.51
366	103	5	12.52
101	557	17	101.85
1733	14	9	49.49
831	293	4	45.67
505	14	13	35.95
5200	86	3	33.89
142	654	3	23.02
143	157	3	12.24
12	616	20	90.75
104	2038	3	15.02
4715	1053	3	51.99
384	102	5	11.28
202	116	6	23.73
2588	14	5	22.22
370	14	8	8.51
119	187	6	23.39
8	4648	3	22.49
733	14	4	4.42
1604	2614	3	50.5
8	800	3	11.43
614	1459	9	156.05
106	592	3	9.83
101	151	15	24.34
2377	185	3	34.41
2984	104	4	28.97
252	107	6	18.9
482	725	3	35.18
1425	14	3	4.66
381	14	9	12.14
105	244	4	7.09
1976	12	3	6.33
653	101	4	11.12
895	12	5	8.68
373	131	3	17.52
1324	12	5	12.7
4460	12	3	11.86
102	389	17	83.48
102	441	6	17.33
111	4211	4	41.84
117	269	4	16.02
6070	14	3	16.5
359	102	5	10.56
3714	14	3	12.13
2153	3066	3	54.75
3296	2889	4	79.78
603	14	6	8.84
1778	212	3	33.85
498	14	6	6.8
1032	12	6	14.42
4532	436	4	68.04
8	683	8	45.28
1914	209	4	49.27
101	239	5	6.01
102	1539	7	42.95
103	3495	3	18.27
1692	14	3	5.83
299	116	3	10.93
1857	623	3	42.93
459	104	4	10.88
101	674	5	16.66
151	102	10	10.22
552	107	3	10.8
105	1007	3	12.51
120	534	3	16.63
12	1443	3	4.97
107	1267	3	15.44
344	124	3	14.8
116	286	4	16.37
108	1297	7	55.44
102	843	14	94.4
12	2909	6	32.43
119	5242	3	34.11
103	370	6	17.43
135	228	5	28.05
103	422	3	5.62
102	1031	7	35.92
200	103	8	15.25
1308	317	3	35.71
791	12	5	7.56
2298	101	7	54.69
189	101	15	36.71
108	1448	5	36.06
1007	1599	6	101.18
1383	12	4	8.17
104	512	14	81.85
102	1791	5	27.11
376	144	7	58.72
1112	167	9	113.21
1470	107	5	34.2
309	750	3	31.78
108	2934	3	23.2
8	448	3	7.7
756	12	4	4.15
127	101	45	101.69
111	486	4	18.84
6591	101	3	23.43
110	652	4	20.76
12	384	10	14.62
527	590	4	48.47
231	111	6	22.02
195	86	3	8.02
107	491	5	21.72
12	189	96	500.5
124	410	3	16.22
214	2708	3	37.06
111	306	4	14.46
223	3979	3	41.19
108	4852	3	29.91
1708	12	6	21.39
12	3696	4	21.62
110	1676	6	50.71
212	866	3	29.87
104	159	7	8.53
107	1327	3	16.03
393	104	8	30.58
109	792	4	21.4
599	107	5	24.2
102	3242	3	16.94
228	3435	3	39.2
5595	235	3	46.36
103	1793	5	29.32
86	208	3	8.64
205	1178	5	57.94
5542	319	3	48.6
102	3795	3	19.13
1212	115	3	19.36
202	186	9	74.69
130	4334	3	33.9
12	772	8	19.9
686	102	3	7.35
122	402	3	15.05
103	950	4	16.2
102	476	7	23.36
134	116	7	16.07
788	102	3	7.96
289	5559	3	47.87
6618	1393	3	58.15
86	1334	3	21.05
618	283	11	145.92
107	744	3	12.48
183	389	3	23.02
417	110	3	11.12
1918	12	5	16.86
574	101	4	10.43
960	138	3	23.96
106	116	16	10.59
137	148	3	9.37
1367	14	4	8.5
101	569	9	38.3
4313	4227	3	62.04
104	4362	3	20.99
1760	14	4	10.29
332	147	14	135.89
12	649	14	47.96
262	107	13	61.97
102	298	8	20.3
3738	176	3	38.85
101	269	5	6.74
1115	114	4	27.71
233	107	3	5.06
109	108	263	1549.93
1306	12	3	4.44
3143	129	4	45.01
105	338	3	5.84
144	12	23	8.96
108	760	13	108.52
331	114	5	23.33
3481	201	3	38.21
108	2435	4	32.27
478	14	11	23.57
101	1284	3	10.3
112	650	5	29.54
225	104	6	10.97
1227	1428	3	44.65
115	1702	4	31.39
121	2256	5	50.3
2485	195	5	68.93
173	514	4	35.21
6539	12	3	16.22
103	317	3	3.91
4271	12	3	11.86
121	358	5	28.46
214	223	3	20.1
142	292	5	34.04
1042	102	4	15.1
154	14	31	36.5
105	1970	3	16.33
120	1524	3	22.91
1798	187	3	32.58
1398	104	3	12.8
132	178	5	23.85
5195	723	3	54.47
562	12	7	10.69
5837	101	3	23.43
108	2943	3	23.2
118	121	9	17.33
106	740	3	10.99
112	1588	6	50.13
3332	2779	3	55.99
112	1408	3	18.95
1081	101	13	101.59
710	108	6	35.59
107	6037	3	28.79
8	246	5	11.18
2316	101	7	54.69
1129	101	8	45.38
171	266	3	19.35
293	387	4	38.89
12	1589	3	4.97
959	14	5	9.72
107	479	5	21.36
110	890	8	60.78
836	12	10	32
2759	12	3	8.32
375	12	8	8.29
1431	12	3	4.44
12	160	17	7.02
224	102	10	22.07
101	2000	5	28.6
6754	1240	3	57.54
103	495	3	6.65
245	14	23	47.58
1353	14	7	24.6
605	104	9	46.01
1825	516	3	40.75
893	14	4	5.59
107	6016	3	28.79
8	156	5	5.15
1322	14	3	4.66
109	830	3	14.55
259	101	9	21.11
2168	179	5	64.33
482	105	5	18.57
7	12	6	6.39
4170	12	3	11.86
380	6649	3	50.22
104	445	3	6.38
703	125	4	28.79
106	1984	3	16.74
379	104	6	18.7
335	122	4	20.38
164	112	28	165.85
576	466	4	47.24
120	1577	3	22.91
147	8	57	302.93
124	193	4	15.84
129	445	3	17.7
12	346	37	166.2
4092	101	3	18.98
104	3594	4	28.97
103	6754	3	24.93
2059	586	3	42.37
511	141	5	41.02
184	186	3	16.97
126	477	3	17.39
338	13	3	17.5
101	4007	3	18.98
102	2799	6	47.18
12	1619	3	4.97
114	125	19	63.22
2161	104	4	24.47
101	543	3	5.77
102	1159	3	9.94
793	103	5	20.7
1496	188	3	31.94
2165	12	4	12.48
377	121	3	14.39
102	1584	9	64.32
2311	104	3	16.01
105	544	4	13.92
2650	14	3	8.57
5734	104	3	25.46
216	1220	3	31.89
3624	14	3	10.03
2686	375	3	41.73
108	1623	5	37.54
104	2052	8	67.91
2463	16	5	54.06
440	102	3	4.82
105	1187	12	100.24
9	114	19	16.8
820	14	4	5.16
2342	360	5	74.77
113	313	4	15.45
102	255	26	120.67
190	108	5	11.72
279	568	5	54.4
6814	12	3	16.22
109	643	9	61.09
6187	111	3	31.38
1095	116	3	19.41
4943	14	3	16.5
709	1826	6	97.87
2717	14	3	8.57
731	102	6	24
111	187	9	34.49
103	354	4	8.2
139	197	6	35.1
1029	129	6	55.97
2457	85	3	34.52
12	308	11	12.19
267	12	19	32.88
12	157	21	13.68
179	642	3	26.07
12	488	9	15.5
174	120	9	43.18
110	679	9	64.69
122	729	3	18.87
164	169	3	14.91
1026	235	3	31.82
1681	14	3	5.83
2506	14	5	22.22
104	446	3	6.38
123	213	4	15.85
2826	12	4	14.26
3321	1164	5	95.97
101	434	5	12.13
119	395	5	28.07
114	178	3	6.14
213	984	4	43.07
677	382	3	33
12	920	11	40.29
117	150	6	17.79
3358	14	3	10.03
5148	274	3	47.43
2495	2204	5	99.51
297	621	4	43.52
302	111	6	26.32
3512	12	3	9.76
951	101	4	14.3
103	814	7	35.47
111	893	3	16.08
150	141	48	459.54
3396	110	4	36.42
3909	12	3	11.86
328	101	25	131.38
6137	12	3	16.22
1419	12	3	4.44
113	145	12	42.93
726	115	4	24.29
142	890	4	35.65
110	547	5	26.56
112	919	3	16.45
2504	2655	5	102.48
1033	884	7	112.56
12	739	5	7.07
108	1622	4	27.58
9	16	14	15.89
104	702	9	49.19
918	102	3	8.66
610	199	4	38.46
108	929	8	59.16
623	1860	7	120.35
278	14	11	10.36
508	174	4	35.21
105	433	3	7.39
109	212	21	119.34
606	401	3	32.76
101	113	32	15.46
105	2716	5	39.29
1815	12	3	5.59
2445	9	3	19.57
104	737	10	58.86
202	145	4	22.2
101	270	5	7.01
102	1430	3	11.01
180	206	7	54.1
2201	14	3	7.46
902	14	5	9.07
102	237	22	88.58
1587	104	4	20.66
251	14	12	11.09
119	3805	4	45.49
736	12	4	4.15
8	5381	3	26.96
108	2098	3	20.4
1443	9	4	23.76
1502	817	9	163.33
110	341	4	15.06
103	657	3	8.28
137	135	4	11.68
2961	14	5	27.49
108	2438	4	32.27
45	8	18	30.19
105	277	17	82.78
102	3990	3	19.13
488	262	16	214.62
1974	101	3	13.05
12	1780	3	5.59
4228	12	4	21.62
104	874	13	95.02
828	101	7	32.06
104	4756	4	33.95
410	492	5	58.24
3763	111	3	26.89
12	1169	8	26.62
115	437	3	13.12
2542	1112	3	48.68
132	1566	6	63.61
107	125	16	29.33
5291	112	3	31.76
107	169	4	5.23
119	1694	6	56.83
1895	379	4	55.76
102	4373	4	31.45
111	471	6	33.01
2670	182	3	35.37
2591	751	6	110.06
409	195	4	34.83
103	505	3	6.85
2551	110	4	33.8
163	678	3	25.59
57	17	3	10.22
12	249	13	12.75
1146	104	4	18.16
1368	14	5	13.13
5949	1272	3	57.54
109	672	4	20.06
105	955	12	92.32
2996	461	4	63.57
5061	329	3	48.86
227	175	9	75.84
183	2555	3	35.48
385	102	3	4.11
441	86	3	14.18
107	163	9	23.75
875	128	3	21.66
102	4246	3	19.13
521	101	3	5.57
127	151	3	7.97
111	498	8	50.44
235	105	6	14.29
191	220	8	67.17
1223	129	6	58.45
102	946	3	9.05
163	1063	4	40.34
108	2927	3	23.2
152	606	3	23.81
101	911	3	8.52
12	1138	5	10.82
790	112	3	15.7
104	487	4	11.4
132	298	3	15.83
371	14	6	3.87
1887	2529	4	73.69
1326	379	5	68.54
2836	102	4	23.89
1595	531	4	56.63
1338	1088	3	44.1
12	3701	4	21.62
1025	12	4	6.26
123	881	4	29.47
569	218	3	27.13
103	452	4	10.26
1213	4536	3	53.04
267	185	6	48.97
645	14	5	6.16
729	106	4	17.05
2397	546	3	42.88
1057	102	5	21.42
1370	104	5	27.45
6890	350	3	49.28
108	3649	3	25.42
6872	14	3	16.5
107	854	3	13.17
105	577	5	20.55
7077	115	3	32.78
101	150	11	12.08
12	3187	4	16.76
2536	379	5	78.29
383	125	3	15.87
106	173	7	13.3
105	3122	5	44.67
331	14	9	8.9
497	174	16	194.91
1119	103	6	32.15
102	6121	3	23.59
119	473	3	14.79
110	5181	3	31.06
107	749	3	12.48
117	113	42	159.63
471	124	3	16.99
4130	4130	3	62.04
112	6897	3	31.76
300	14	50	265.43
184	106	4	4.59
103	2410	3	15.5
117	126	4	4.11
2380	154	3	32.45
102	2891	3	15.39
4821	102	3	19.13
106	1611	5	31.61
750	12	4	4.15
153	3945	3	37.17
355	12	13	22.94
1714	104	3	14.17
1005	520	3	37.66
392	107	11	61.71
12	2009	3	6.33
133	165	3	10.67
2356	14	7	38.49
8	622	4	15.5
140	131	4	12.87
101	304	4	5.24
1601	12	3	4.97
101	153	10	10.44
492	12	14	37.6
197	141	9	61.97
101	110	48	37.51
260	832	15	225.99
520	12	10	20.82
121	765	7	58.17
174	856	6	64.8
125	102	18	12.96
148	135	3	9.16
125	159	3	8.62
117	585	4	23.66
618	590	4	49.93
384	104	4	9.55
105	1171	3	12.99
9	14	536	1153.48
587	102	3	6.33
113	836	12	107.77
103	480	7	26.83
1633	14	3	5.83
8	1560	4	22.63
711	14	5	6.98
2820	14	4	14.62
111	144	13	44.96
124	514	3	17.65
120	1186	3	21.1
195	186	3	17.58
128	1556	6	60.71
12	117	432	1814.03
108	1191	9	76.32
132	466	3	19.07
132	508	3	19.73
380	200	11	120.31
12	4044	4	21.62
1087	104	3	11.7
101	4252	3	18.98
1647	101	4	19.08
678	103	5	19.01
1265	12	4	7.46
119	1796	4	33.16
12	481	19	66.76
12	430	28	124.04
108	1447	7	57.63
527	283	17	241.29
105	3304	5	44.67
103	284	5	9.47
250	12	12	10.32
973	115	3	17.87
2991	418	3	44.02
121	2824	3	26.89
109	1788	6	49.02
368	14	7	6.01
107	269	3	5.82
241	107	7	23.31
735	14	4	4.42
399	14	6	4.52
770	14	4	4.78
102	1672	6	35.84
1190	9	3	14.51
4819	12	4	21.62
101	613	6	21.16
282	1061	3	33.1
8	297	6	18
103	1114	3	11.2
503	14	7	9.78
594	957	4	53.77
648	14	7	12.95
593	86	3	16.22
129	1469	7	75.39
233	3263	3	39.46
1386	122	3	22.51
139	128	13	63.87
576	201	4	38.36
1727	14	5	15.66
107	522	4	16.11
160	171	3	14.92
102	828	11	64.68
57	12	38	47.4
860	302	6	74.75
402	1783	3	39.11
1034	141	4	36.72
104	1982	4	22.97
103	2199	3	15.5
108	1621	7	60.3
6763	101	3	23.43
2189	2780	3	53.16
122	422	3	15.23
2941	14	3	10.03
101	1381	3	10.87
1640	107	7	57.69
1120	14	4	7.14
104	2629	3	17.23
12	2019	6	23.71
104	785	7	35.68
2139	101	4	21.81
105	534	11	63.24
960	110	5	32.79
1569	209	3	33.02
417	138	3	18.74
1414	107	4	24.08
5470	491	3	51.75
2315	111	3	21.86
1526	185	3	31.76
104	2307	4	24.47
496	922	3	36.53
2449	251	3	38.51
152	192	4	22.4
799	590	3	37.11
4971	1657	3	59.58
102	1268	7	38.95
103	661	3	8.28
6148	104	3	25.46
104	3444	3	18.79
112	603	5	29.05
6767	294	3	48.1
102	456	21	126.65
6519	101	3	23.43
1883	195	3	33.95
1803	12	3	5.59
102	2757	5	33.95
227	1813	3	34.48
102	559	16	93.55
1788	390	9	152.29
215	589	3	27.31
150	101	8	5.28
1865	12	3	6.33
511	234	3	27.37
457	248	10	118.27
3142	102	3	16.94
108	2097	6	54.1
5926	14	3	16.5
179	16	3	8.74
45	106	8	4.51
364	107	3	8.09
114	126	6	8.17
12	1675	3	5.59
105	3072	4	30.76
170	113	6	17.75
108	2437	3	21.63
112	1728	4	30.04
101	6379	3	23.43
1373	261	9	131.55
519	12	16	51.53
119	5029	3	34.11
267	3312	5	78.7
86	131	4	5.76
105	531	7	32.7
258	111	5	18.16
105	1215	4	20.65
103	2248	4	23.78
148	102	12	14.42
262	103	8	20.52
265	4024	3	42.62
126	271	14	107.61
1650	601	5	76.84
601	12	5	5.44
517	121	4	24.4
129	227	3	12.66
521	474	3	32.71
483	112	3	12.74
204	128	4	17.31
186	158	3	15.64
104	3093	3	18.79
151	274	3	17.93
227	174	4	26.81
12	1475	4	8.99
104	227	4	4.85
325	157	3	20.26
3388	12	3	9.76
177	12	23	23.61
694	902	5	70.92
104	6690	3	25.46
693	101	11	58.79
101	4399	4	31.25
101	961	3	8.91
1218	174	3	29.86
103	319	5	10.84
103	149	7	5.4
142	278	4	24.64
101	1722	3	12.22
102	864	3	8.3
185	2682	5	67.98
1042	9	3	13.49
2444	136	3	30.53
104	1242	9	62.99
13	315	6	42.6
102	2201	3	14.19
108	4846	3	29.91
121	1433	3	22.34
102	2065	3	13.2
104	157	39	175.35
104	232	7	15.36
1055	288	5	61.73
102	4638	4	31.45
1968	12	3	6.33
260	107	4	9.68
101	1928	3	13.05
2655	368	5	78.01
664	293	3	30.89
103	196	6	8.23
973	199	3	29.74
245	527	5	52.6
103	272	4	5.84
110	770	5	30.65
1214	12	4	7.46
103	3068	3	18.27
284	211	3	21.96
4602	12	3	11.86
2355	12	3	7.21
107	1364	3	16.03
108	2928	3	23.2
473	102	3	5.15
149	752	9	97.56
45	86	9	21.96
132	598	5	40.16
3359	14	3	10.03
288	106	5	13.1
106	121	11	6.29
295	136	6	40.94
101	457	4	8.5
1909	1518	3	48.24
1876	101	8	62.5
123	166	3	8.06
123	218	5	22.25
102	358	18	86.3
101	1223	4	16.3
281	103	10	32.04
1493	12	3	4.97
1053	14	5	10.43
109	1234	5	34.15
117	112	7	4.68
12	1040	12	53.67
152	4073	4	55.48
188	111	5	13.72
102	2977	4	26.49
12	838	4	4.88
919	102	5	19.88
1391	12	7	23.98
131	113	10	24.79
171	710	3	26.3
143	1525	4	40.56
105	458	4	12.52
909	112	3	16.45
104	2506	3	17.23
2896	293	3	39.78
239	558	4	40.15
269	102	5	6.94
101	111	38	21.05
104	756	3	9.35
638	151	3	23.94
3585	12	3	9.76
133	101	32	67.3
12	789	4	4.5
9	85	6	9.99
276	8	8	26.51
113	130	13	38.52
104	5445	3	25.46
874	14	7	17.75
4103	14	3	12.13
102	525	4	9.71
505	12	7	9.71
103	4428	3	20.47
418	124	5	32.39
338	200	3	22.94
12	1633	7	28.58
8	938	5	26.07
366	104	3	5.22
1024	14	6	14.93
2071	14	3	6.57
187	86	3	7.57
665	14	5	6.56
104	460	19	120.33
104	400	6	19.35
1255	104	4	18.9
595	141	3	22.31
102	1805	4	19.28
927	9	3	13.05
2029	12	3	6.33
3343	12	3	9.76
196	12	19	19.13
1114	12	5	10.82
112	227	3	7.37
697	1287	6	92.69
102	886	3	8.66
362	200	3	23.53
221	1491	4	47.51
110	805	5	31.31
103	181	5	4.38
307	129	15	127.16
570	102	4	10.3
3492	14	3	10.03
108	1446	5	36.06
107	254	4	9.57
206	13	4	20.46
167	1121	4	41.24
108	1192	7	53.58
1671	111	4	29.53
5160	4063	3	66.54
102	781	3	7.96
12	4945	3	16.22
103	538	5	16.77
661	103	7	31.9
311	105	3	5.29
294	184	4	30.45
757	3742	4	72.86
438	236	3	26.47
121	3773	3	30.69
1102	104	10	70.93
120	544	4	24.6
12	1377	3	4.44
104	205	4	4.03
211	116	12	65.94
1844	14	3	6.57
102	337	7	17.65
201	313	10	101.1
104	1922	3	15.02
1309	164	11	157.61
764	110	6	39.36
624	103	7	31.14
201	1530	3	32.73
862	105	3	11.28
222	12	12	7.25
2195	12	5	18.93
2	9	6	7.26
133	151	4	14.67
396	14	14	31.78
101	238	5	5.79
101	163	17	38.09
755	165	5	49.59
102	1359	6	32.22
137	107	12	23.95
2133	261	6	88.6
453	179	3	23.89
121	3634	3	30.69
4613	262	3	42.52
229	441	3	26.04
359	103	6	17.13
113	4741	3	27.56
3261	288	3	41.14
484	14	8	12.6
113	442	3	12.41
915	251	9	119.44
620	14	6	9.32
4638	572	4	70.79
1091	14	5	11.23
332	1044	5	63.42
6525	14	3	16.5
272	597	6	68.79
544	105	7	32.7
390	124	10	78.38
962	103	4	16.2
1656	12	3	5.59
103	286	5	9.79
5838	101	3	23.43
209	8	4	5.66
118	143	5	12.13
4541	182	3	39.18
118	311	3	11.74
118	259	3	10.37
226	751	7	82.37
144	4661	3	36.13
253	458	10	118.62
120	228	5	22.3
4118	307	3	43.84
120	176	5	18.17
104	513	9	42.55
223	393	12	138.44
923	14	4	5.59
3232	4494	3	59.81
1211	435	3	37.44
308	14	10	10.24
192	156	6	40.02
105	4313	4	35.74
105	2194	4	26.25
101	673	5	16.66
1144	103	3	11.2
8	281	4	8.3
752	115	4	24.29
102	776	5	18.56
1122	101	4	15.56
2661	12	3	8.32
823	186	4	40.13
124	500	4	25.65
108	1193	7	53.58
3234	14	3	10.03
108	1296	4	25.55
655	13	3	22.11
135	192	3	12.23
1946	14	3	6.57
12	6448	3	16.22
12	134	220	1026.8
213	1419	4	46.04
116	6390	3	33.38
1478	105	3	14.75
742	12	6	10.54
778	138	6	55.07
139	101	41	119.01
3487	209	4	55.35
1424	12	5	12.7
2614	12	3	8.32
104	295	3	4.03
393	105	4	11.36
112	4102	3	27.28
771	12	6	11.18
172	1239	5	56.05
111	1576	5	38.5
4091	102	3	19.13
865	14	17	93.49
1975	14	3	6.57
2546	278	3	39.11
116	3949	4	44.51
105	4669	3	22.33
101	901	3	8.52
955	173	4	40.45
1704	105	3	15.48
136	4889	3	38.84
120	131	6	14.75
104	1183	6	33.18
931	200	3	29.8
113	2323	3	22.52
911	101	10	57.21
892	103	3	9.9
12	2668	3	8.32
1177	14	7	21.34
127	165	3	9.24
322	140	3	17.87
1672	14	3	5.83
153	388	3	20.91
247	174	7	57.29
117	125	20	75.49
5063	188	3	44.15
1854	177	3	32.93
842	101	10	55.39
105	144	28	99.36
3697	2111	4	82.86
1169	4071	4	76.37
104	602	14	88.34
454	14	7	8.55
2283	104	6	45.21
110	1219	5	35.55
255	696	7	84.06
1273	12	6	16.63
334	245	5	46.67
974	12	5	9.32
143	261	4	24.48
108	3651	4	39.88
6659	12	3	16.22
1244	12	3	3.97
215	2	3	15.59
175	9	6	10.84
673	101	16	102.2
178	827	3	27.69
1413	14	4	8.5
247	363	3	25.54
137	275	4	22.89
102	1111	5	22.31
697	859	3	38.29
108	2436	4	32.27
894	12	4	5.29
102	6156	3	23.59
105	187	50	309.16
108	759	12	96.89
107	614	9	55.84
107	6741	3	28.79
12	905	14	63.91
3809	101	4	31.25
1352	12	3	4.44
244	12	20	34.13
494	340	3	30.08
110	275	3	8.07
859	12	4	4.88
150	234	14	123.41
1639	599	6	95.9
141	1785	3	28.63
4582	12	3	11.86
2743	101	3	15.24
110	378	6	29.35
889	9	9	61.72
3195	104	3	18.79
104	2072	4	22.97
392	1355	6	86.16
108	1851	4	28.84
1689	14	4	10.29
107	945	3	13.97
2466	14	3	8.57
3166	104	4	28.97
1174	822	3	41.15
799	283	5	59
131	12	28	6.25
101	138	30	63.6
1242	103	3	11.72
547	12	5	4.48
525	952	13	220.54
12	3057	4	16.76
12	207	14	9.93
801	9	5	26.02
12	143	28	16.67
12	311	9	7.46
12	259	30	80.78
102	4518	3	19.13
2415	12	3	7.21
12	564	5	4.78
1749	12	4	9.95
460	12	10	17.99
127	219	5	24.63
307	102	12	40.78
112	310	3	9.66
976	14	4	6.05
272	1972	3	36.85
182	101	6	4.75
2533	12	4	14.26
102	1841	3	13.2
1477	12	4	8.99
361	12	7	5.32
1093	599	5	71.88
136	380	5	35.56
5079	129	3	37.5
185	1136	3	29.94
728	12	7	14.5
3706	12	4	21.62
253	531	5	52.92
1307	14	4	8.5
101	2218	5	30.77
12	1182	8	26.62
600	736	19	358.52
113	5697	3	32.04
105	1902	3	16.33
514	104	6	22.93
1997	14	3	6.57
241	102	5	6.2
106	1931	7	57.51
108	3660	3	25.42
164	113	3	4.95
112	496	4	19.63
121	331	5	27.27
2917	2796	5	102.48
207	2283	4	50.8
115	1400	3	19.96
2343	14	3	7.46
1219	14	3	4.19
617	152	3	23.81
12	102	274	25.99
102	3259	3	16.94
102	5298	3	23.59
380	13	3	18.56
236	111	5	17.12
128	102	15	8.95
605	105	3	9.45
102	1994	4	20.52
171	166	3	15.25
3616	505	3	45.47
8	155	5	4.99
151	121	4	10.63
12	1950	3	6.33
3762	101	4	31.25
104	2417	6	45.21
123	402	3	15.24
101	125	24	26.06
2589	2169	3	53.16
701	14	4	4.09
400	702	3	33.49
108	1836	4	28.84
104	1915	4	22.97
108	1624	3	18.53
291	105	22	124.51
4933	3703	3	66.54
7033	101	3	23.43
109	1265	7	54.29
391	393	5	55.28
1058	104	4	17.48
457	102	3	4.99
110	278	3	8.07
174	788	3	27.15
444	14	7	8.17
134	148	4	14.35
104	4229	3	20.99
102	1158	5	22.31
269	363	3	25.83
12	1693	3	5.59
12	1618	6	19.53
5172	5070	3	71.04
107	412	3	9.01
12	337	13	20.62
153	635	7	69.92
153	847	5	48.94
111	108	111	476.59
863	2404	3	45.64
207	2174	3	35.67
260	12	9	4.64
113	1957	3	21.51
2178	642	4	62
1487	110	6	48.72
104	298	7	19.89
217	196	17	172.82
1445	14	3	5.2
371	106	4	11.25
101	4410	4	31.25
637	102	4	11.3
108	2938	5	49.85
8	376	6	21.51
136	407	4	27.26
110	2107	3	21.54
746	101	6	23.7
241	13	12	94.8
102	2222	4	22.01
121	860	3	19.42
184	14	17	12.58
2936	102	3	16.94
1094	14	4	7.14
145	1592	3	28.63
560	12	7	10.69
2399	12	3	7.21
741	209	4	40.81
107	816	3	13.17
1659	12	3	5.59
117	121	6	7.43
319	101	5	8.73
105	257	6	15.48
1513	12	7	26.04
120	839	13	133.83
12	1716	9	48.65
242	597	7	81.23
3823	367	3	45.39
2653	9	3	19.57
216	113	4	11.6
106	282	4	8.59
715	419	12	179.82
512	144	3	21.84
103	1970	3	14.51
170	102	14	28.28
1673	13	6	67.2
101	310	4	5.37
103	1713	4	21.04
133	145	4	13.93
105	1228	5	28.54
932	8	3	12.22
124	917	3	20.99
148	113	4	6.61
1550	104	5	28.72
108	3656	3	25.42
122	4708	3	30.86
891	14	6	13.14
201	140	4	21.2
332	222	8	79.9
9	106	49	45.5
105	1180	3	12.99
1320	14	5	13.13
276	14	23	53.22
102	5099	3	23.59
134	584	3	20.59
342	12	8	6.52
12	3345	4	16.76
126	1436	3	23.92
222	102	5	5.16
122	6045	3	35.35
5801	6808	3	71.04
733	107	3	12.48
102	5818	3	23.59
12	1743	4	9.95
114	102	25	9.32
2330	14	3	7.46
109	381	4	15.37
265	307	39	590.99
170	311	3	20.58
1688	12	3	5.59
642	12	8	16.35
123	131	4	7.53
101	414	3	4.4
120	2586	4	39.17
1721	12	5	15.22
103	726	3	8.86
116	2219	7	77.92
117	135	4	5.97
17	102	13	12.44
102	2880	3	15.39
6586	14	3	16.5
121	460	5	31.42
3475	350	3	42.55
112	125	8	11.98
685	14	7	14.31
12	477	10	18.64
791	103	4	14.62
104	1226	4	18.9
1179	175	3	29.32
104	1159	4	18.16
104	1329	3	12.8
104	1278	4	18.9
243	928	6	73.56
104	466	14	77.88
104	508	3	7.32
1049	12	5	10.03
3472	14	3	10.03
1497	14	4	9.33
1539	829	4	60.41
2796	102	6	47.18
102	1659	3	12.37
136	504	3	20.07
569	192	3	26.02
8	114	16	7.86
1748	14	3	5.83
437	236	3	26.47
115	59	9	29.18
2134	12	5	18.93
119	781	4	26.52
2	812	4	36.28
1512	101	5	25.4
3213	12	3	9.76
119	1910	3	23.56
977	12	5	9.32
3069	12	3	9.76
107	401	5	19.77
108	1301	5	34.78
1408	14	3	4.66
112	476	4	19.06
2648	14	3	8.57
1307	105	3	14.1
120	302	20	166.58
900	526	6	84.5
1861	14	6	24.26
104	4794	3	20.99
174	114	3	6
112	163	9	31.97
191	205	3	18.48
103	104	78	41.92
1807	102	3	12.37
649	126	3	19.33
135	354	4	25.43
194	744	4	39.88
1889	147	3	30.44
9	787	3	11.9
12	299	22	53.24
517	271	5	53.19
375	103	5	13.01
1208	12	3	3.97
267	9	11	45.49
102	822	3	8.3
103	417	6	19.07
7080	14	3	16.5
373	3528	4	61.84
236	9	6	16.12
724	101	3	7.51
542	12	9	17.47
269	113	5	19.36
101	216	5	4.61
321	1023	4	48.31
108	996	6	40.82
744	465	4	49.31
426	104	5	15.17
493	144	12	124.92
3986	14	3	12.13
2003	14	4	11.43
109	146	53	326.91
144	1154	3	26.6
215	3091	5	75.76
108	1627	6	48.41
9	86	34	71.76
2633	209	4	52.72
317	492	3	29.32
103	924	3	9.9
241	4307	4	62.11
334	136	4	24.93
4405	12	3	11.86
2053	101	5	28.6
3016	1230	3	50.81
444	105	4	12.27
157	101	14	25.28
2677	12	3	8.32
2508	107	3	20.52
104	1031	3	11.23
324	14	14	24.1
502	148	3	22.04
102	6072	3	23.59
123	145	3	6.23
366	115	3	11.79
793	12	6	11.18
1775	12	3	5.59
681	129	13	135.06
187	101	7	7.63
137	113	6	10.36
723	12	4	4.15
101	2881	3	15.24
5426	12	3	16.22
1031	101	5	21.18
173	1280	3	29.86
101	384	5	11.05
106	111	17	6.1
108	2431	6	59.83
1948	102	3	13.2
507	2032	3	41.62
103	716	5	19.54
129	1050	3	22.99
117	160	3	6.29
116	819	10	88.39
736	9	4	17.84
240	101	7	12.26
148	110	5	8.77
108	1848	4	28.84
173	141	7	41.41
101	1542	4	18.03
102	159	11	15.98
2023	146	4	43.44
269	270	3	23.44
104	2574	5	37.06
107	3532	3	22.09
529	186	4	36.37
102	3804	3	19.13
8	2434	3	18.71
1306	103	4	19.05
6019	6305	3	71.04
8	2	6	6.01
202	2618	3	36.63
3043	1466	4	73.95
103	1335	3	12.29
101	636	6	21.74
115	291	3	10.04
12	210	77	379.77
1016	120	5	40.31
12	139	207	1068.97
104	1566	3	13.44
12	254	14	15.74
2799	14	6	32.99
1624	14	3	5.83
116	208	3	8.18
1422	111	8	70.87
111	225	9	39.62
113	595	4	21.66
260	124	6	33.63
2054	12	4	11.09
316	151	5	37.12
400	358	3	28.94
12	467	17	52.66
758	750	3	37.89
124	180	3	9.5
105	6852	3	26.8
105	641	4	15.29
3937	4041	4	92.42
104	2725	6	50.92
3212	105	3	20.12
6665	105	3	26.8
101	951	11	68.72
101	1102	8	45.38
109	1185	5	33.14
338	175	4	31.08
108	2102	5	41.5
101	1348	5	24.15
110	337	6	27.24
122	187	4	14.01
1819	14	4	10.29
383	102	11	42.51
152	180	99	1400.61
3553	14	3	10.03
108	2442	4	32.27
3187	12	4	16.76
179	1561	3	31.36
114	129	6	9.31
993	12	6	13.49
104	733	12	77.07
392	584	3	32.31
1995	377	7	111.56
131	107	6	4.82
123	349	4	20.99
360	106	3	6.7
1987	3284	4	76.32
1732	14	4	10.29
102	309	6	12.23
323	116	4	17.48
104	3347	3	18.79
1653	3005	5	100.93
108	3640	4	39.88
4735	12	3	11.86
652	110	3	13.75
356	101	11	39.48
104	1894	3	15.02
108	1845	6	50.86
103	399	4	9.14
135	141	4	13.16
107	4691	3	24.3
101	2058	3	13.05
456	151	3	21.77
316	101	4	5.5
2288	14	3	7.46
12	253	9	4.47
109	2023	3	19.69
104	282	5	10.21
104	178	7	10.28
115	176	5	14.61
710	105	3	10.29
2496	115	5	49.26
5282	6814	3	71.04
108	4872	3	29.91
921	103	3	9.9
283	101	5	7.43
1616	12	3	4.97
4412	12	3	11.86
5985	105	3	26.8
448	12	10	17.36
1230	1917	6	108.13
118	113	7	5.29
1769	12	3	5.59
110	2047	3	20.53
182	106	4	4.37
102	3409	5	39.32
6624	4796	3	66.54
4296	185	4	58.67
200	126	3	10.91
1800	12	3	5.59
13	295	3	16.6
390	107	11	61.01
127	130	15	72.01
1955	102	5	28.85
103	156	6	4.91
855	14	7	16.78
1969	14	4	11.43
171	535	3	24.63
118	126	4	4.24
8	421	3	7.37
4101	102	4	31.45
253	589	3	28.85
12	1251	3	3.97
115	131	12	36.47
720	175	3	26.8
104	331	29	186.32
102	2036	4	20.52
118	585	3	16.05
108	4877	3	29.91
8	300	23	137.4
103	1171	4	17.48
4701	102	3	19.13
103	1119	3	11.2
538	260	24	371.64
107	2744	3	20.52
103	410	3	5.62
12	304	9	7.2
2204	119	3	24.58
122	471	3	16
1514	306	5	66.92
126	227	4	18.22
112	1066	3	17.33
414	101	9	32.04
2512	101	6	46.87
535	14	6	7.54
3253	104	3	18.79
105	361	6	20.58
119	5125	3	34.11
576	3269	4	65.79
1490	103	3	12.94
169	1579	3	30.78
698	101	11	58.79
104	2168	5	34.12
137	124	5	13.24
439	131	5	36.38
2933	9	3	21.14
2668	14	6	32.99
1096	757	4	56.81
116	1765	3	21.96
2798	154	3	33.69
2529	14	4	14.62
2230	482	6	98.45
1283	2043	3	46.96
802	14	5	8.48
194	163	3	16.42
256	632	4	41.91
103	606	3	7.75
463	445	3	31.63
110	220	5	15.45
102	461	5	12.95
964	12	5	9.32
1566	111	9	87.71
12	1893	4	11.09
1588	101	4	18.03
884	12	5	8.68
349	195	5	43.46
1729	101	3	12.22
122	498	3	16.42
629	103	6	24.6
113	197	6	20.7
520	103	9	41.02
3851	1041	4	75.67
12	734	5	7.07
12	794	17	84.33
912	107	3	13.56
110	2707	3	22.77
2610	14	3	8.57
1822	102	3	12.37
101	5734	3	23.43
129	1015	3	22.99
795	1587	3	42.6
4210	14	3	12.13
779	103	4	14.62
1002	12	6	14.42
103	6794	3	24.93
833	599	4	52.62
102	446	6	17.33
110	299	5	19.58
1904	214	3	34.8
366	101	4	6.7
239	232	3	21.66
1160	572	3	38.91
108	619	13	100.07
119	388	5	27.79
111	3570	4	36.85
1605	14	4	9.33
337	116	3	11.65
209	14	18	20.78
122	1947	6	61.76
268	140	9	69.57
104	6665	3	25.46
104	507	3	7.32
678	12	7	13.05
124	141	11	49.95
121	2750	3	26.89
419	517	7	88.43
395	841	4	48.76
499	324	5	55.17
103	228	5	7.14
1319	16	9	96.69
1269	14	3	4.19
301	102	4	5.27
139	145	3	9.76
829	12	8	20.99
101	2386	3	14.04
132	512	9	81.37
1240	14	3	4.19
12	3690	4	21.62
108	593	10	68.44
128	126	3	4.16
12	1397	3	4.44
104	305	7	20.16
101	4528	3	18.98
102	3231	3	16.94
976	364	4	49.02
111	1518	6	49.36
103	1141	3	11.2
1180	101	3	9.8
1848	12	3	6.33
738	12	5	7.07
1036	241	7	89.63
102	1966	3	13.2
2537	115	3	24.49
619	9	3	10.67
400	12	6	4.16
231	102	37	191.56
105	1733	4	23.49
2216	2900	4	75.22
107	159	5	7.73
2109	14	7	38.49
1321	111	3	18.57
4781	370	3	45.39
102	2155	6	41.48
3327	14	3	10.03
1983	103	4	22.28
103	193	8	14.5
1204	131	3	24.93
206	2653	3	36.84
2488	12	5	21.76
12	6017	3	16.22
1312	101	5	24.15
101	1010	6	28.08
249	103	4	5.22
1717	105	5	32.4
2460	12	3	8.32
3201	111	5	52.31
270	126	3	13.3
2965	3706	4	87.41
120	137	4	7.55
102	1122	3	9.94
317	1614	3	36.38
662	14	5	6.56
1737	3360	3	52.85
123	291	3	12.64
176	262	7	57.76
12	1653	3	5.59
105	1521	4	22.42
467	101	14	68.6
12	962	14	68.48
112	706	3	15.03
102	363	9	29.35
102	482	10	42.04
12	4294	3	11.86
12	2303	3	7.21
163	104	11	22.36
108	3645	3	25.42
104	3302	3	18.79
363	146	5	38.11
1285	12	6	16.63
2881	113	3	23.76
4099	390	3	45.72
416	2040	3	40.16
555	1056	5	70.02
4217	371	3	45.39
1401	14	5	13.13
421	14	34	187.04
131	174	3	11.07
3773	14	4	21.99
102	1375	7	40.79
101	129	14	8.02
105	4806	3	22.33
519	103	3	6.85
360	8	5	15.59
387	14	12	22.67
2	185	3	14.23
508	330	5	55.8
582	122	3	17.38
1869	14	4	11.43
108	1846	4	28.84
126	129	4	7.91
1263	115	3	19.36
102	157	16	33.39
3461	103	3	18.27
475	101	19	109.53
251	105	11	40.81
103	1088	3	11.2
110	184	6	17.47
102	413	4	8.01
373	101	7	19.64
108	2101	3	20.4
105	196	11	32.83
1738	1142	5	83.6
1686	14	3	5.83
101	580	13	68.93
198	324	3	22.4
113	1249	4	27.53
108	2441	3	21.63
132	216	3	13.08
107	1391	5	32.93
182	8	4	4.13
1096	8	3	13.14
149	123	11	50.92
1051	14	6	14.93
1385	104	5	27.45
164	135	19	140.07
157	709	12	143.94
112	253	3	8.25
602	144	3	22.86
679	12	5	6.2
107	216	3	4.41
12	252	58	279.57
353	2952	3	42.7
12	320	41	182.86
15	15	7	89.79
430	12	14	33.34
1136	103	6	32.15
2307	103	3	15.5
5288	2829	3	62.72
273	228	3	22.37
4024	307	4	64.54
2792	104	3	17.23
204	130	3	12.57
2169	14	4	12.83
186	111	33	218.68
108	4873	3	29.91
283	14	23	55.02
221	395	3	25.07
1754	12	4	9.95
452	105	10	50.87
1389	12	3	4.44
213	188	8	65.82
177	103	23	81.26
105	2334	6	47.89
5389	12	3	16.22
136	334	3	16.92
4073	519	4	69.77
1333	14	3	4.66
102	3202	3	16.94
2217	102	3	14.19
139	328	3	17.31
124	386	3	15.71
105	1756	3	15.48
1302	14	3	4.66
107	384	3	8.53
353	2955	3	42.7
119	2045	5	46.31
12	111	75	7.07
372	12	12	20.47
273	131	6	38.45
103	486	5	15.65
111	6270	3	31.38
1446	9	3	15.75
102	967	3	9.05
12	2641	3	8.32
12	4763	3	11.86
108	3669	3	25.42
1183	420	4	51.74
2467	2466	6	133.76
200	112	3	6.39
147	14	77	206.35
12	356	19	49.16
3196	111	5	52.31
107	1610	3	16.68
104	525	3	7.32
6583	519	3	52.2
103	1373	3	12.29
1842	9	3	17.34
3203	101	3	16.79
1702	164	3	31.33
1924	510	3	41.62
2913	12	3	8.32
5889	129	3	37.5
8	927	3	12.22
220	397	5	47.16
101	533	3	5.77
239	174	6	46.54
101	431	3	4.55
137	289	4	23.47
8	10	4	23.7
4748	382	3	45.72
102	400	16	77.2
184	128	4	15.99
3953	120	4	46.8
119	1159	4	29.51
107	772	4	19.55
705	110	3	14.34
119	1329	4	31.12
179	262	11	102.69
345	1525	3	37.06
425	131	6	45.66
405	121	13	106.72
3220	105	4	30.76
5458	12	3	16.22
138	261	10	75.47
102	3015	4	26.49
102	205	11	23.95
121	847	5	38.14
1841	146	4	43.44
104	781	4	15.28
5391	14	3	16.5
110	298	3	8.78
117	275	3	10.63
2870	101	3	15.24
505	103	4	11.32
1458	8	3	14.9
108	800	9	66.37
108	620	15	122.28
12	1705	4	9.95
119	389	5	27.79
105	108	82	182.23
101	352	4	6.37
102	1138	4	15.76
737	14	4	4.42
211	1490	5	61.77
3443	14	3	10.03
101	158	7	5.24
105	2710	3	18.55
2	12	20	6.48
370	103	9	33.63
733	103	4	14.16
112	3603	3	25.05
332	168	3	20.87
111	764	6	39.99
113	128	9	17.14
1073	14	6	15.97
102	4479	3	19.13
108	1188	7	53.58
952	340	3	34.13
4578	2382	3	56.98
102	837	11	64.68
103	432	6	19.43
135	218	5	27.26
1993	113	5	42.86
1505	12	3	4.97
104	5186	3	25.46
185	1583	5	59.53
103	1244	3	11.72
1459	1422	8	150.85
1067	1051	3	41.94
6536	14	3	16.5
132	513	5	38.39
109	954	4	23.03
3015	3023	5	113.29
103	3787	4	33.25
1135	101	6	29.21
3613	1514	3	52.09
141	113	4	5.58
5023	105	3	26.8
180	931	3	28.68
420	12	10	16.2
1114	103	5	24.49
112	223	4	11.64
107	206	3	4.24
1286	14	3	4.19
103	192	7	10.86
3437	1887	3	53.72
235	14	21	37.04
107	2906	5	42.59
112	126	11	23.02
102	993	6	27.35
385	12	10	14.62
119	1820	3	22.7
784	12	4	4.5
5723	6961	3	71.04
1834	12	7	28.58
350	12	8	6.78
437	568	3	32.79
753	12	6	10.54
101	4272	3	18.98
108	2924	3	23.2
3140	102	3	16.94
161	173	3	15.17
2065	1046	3	45.91
141	126	3	6.63
118	111	17	33.01
883	14	4	5.59
8	335	5	14.45
5774	14	3	16.5
242	492	3	27.46
12	1396	4	8.17
1713	12	3	5.59
120	589	5	34.05
122	2242	4	37.6
12	271	11	9.36
1575	12	3	4.97
12	127	317	1641.56
105	1734	6	42.22
116	329	4	17.65
102	618	3	6.82
138	4570	3	34.44
708	14	7	14.31
105	1341	3	14.1
262	124	4	19.11
108	3646	4	39.88
3390	12	3	9.76
175	12	15	6.19
5516	1980	3	60.45
101	204	5	4.12
106	543	3	9.11
2009	12	3	6.33
5050	188	3	44.15
208	12	15	12.09
86	318	3	11.76
104	659	5	19.84
104	743	5	20.94
202	128	13	87.88
759	201	4	40.91
128	1096	3	23.05
1211	695	6	92.69
119	476	3	14.79
364	112	4	16.71
969	12	7	18.22
1747	110	3	19.67
3615	519	4	64.76
104	2337	4	24.47
3257	336	5	81.9
287	378	3	26.9
12	2304	3	7.21
122	209	3	9.98
108	2937	3	23.2
161	116	4	9.97
12	4159	4	21.62
1428	14	3	4.66
1293	851	3	42.31
775	14	6	11.66
442	141	6	49.41
279	175	5	38.53
1343	105	9	70.05
110	3197	3	24.35
1726	103	5	29.32
142	298	5	34.44
112	269	3	8.42
619	102	6	22.03
2285	120	3	25.55
608	14	7	12.34
12	1403	4	8.17
2635	101	3	15.24
8	272	8	26.51
238	104	4	5.28
524	14	5	4.53
16	39	18	78.04
109	4501	3	25.73
1200	107	3	15.44
2031	14	4	11.43
104	6817	3	25.46
104	598	14	88.34
101	143	10	7.72
1027	121	3	20.7
3471	12	3	9.76
1666	2992	3	52.85
126	311	4	21.53
1866	783	6	101.85
12	4593	3	11.86
3034	3840	4	87.41
1531	12	3	4.97
673	105	3	9.99
105	1227	3	13.51
5212	723	3	54.47
1023	112	3	17.33
362	2191	3	40.17
103	2160	3	15.5
104	1774	4	21.73
102	473	6	18.11
116	2311	5	47.28
408	105	3	7.22
2535	12	3	8.32
113	475	3	12.8
106	113	18	9.69
162	380	3	22.01
104	2196	6	45.21
104	853	3	10.02
288	14	13	17.3
111	1733	3	19.99
103	1902	4	22.28
750	107	4	19.08
4812	14	3	12.13
4977	4993	3	71.04
1809	12	3	5.59
814	888	3	39.76
401	235	4	37.02
629	107	3	11.58
1188	14	3	4.19
1346	111	11	115.16
126	102	26	33.94
6297	327	3	48.73
125	153	3	7.83
624	12	7	12.4
12	1955	6	23.71
104	765	6	28.36
1851	9	3	17.34
8	612	3	9.6
6540	14	3	16.5
102	1406	3	11.01
101	102	150	98.91
439	515	5	59.69
466	1370	4	54.44
1779	3167	4	75.05
102	848	10	55.89
280	108	14	76.74
104	3824	3	20.99
2302	12	4	12.48
3476	907	3	48.87
111	198	4	9.96
109	1979	3	19.69
195	128	3	10.92
490	112	3	12.74
108	1300	6	44.74
695	711	4	52.39
1404	1424	6	103.45
105	2079	3	16.33
153	980	7	76.71
104	1158	3	11.7
1465	112	5	39.14
111	403	12	80.89
3037	262	4	57.75
136	1162	3	24.82
1910	1120	3	46.41
496	6631	3	51.97
766	478	3	35.32
1523	154	4	42.58
3732	1458	3	54.32
132	205	5	26.42
1193	9	3	14.51
120	3992	3	30.6
6802	12	3	16.22
105	1701	3	15.48
12	163	15	4.73
213	174	4	25.98
1011	104	6	32.03
1460	102	3	11.65
107	1213	4	23.24
104	337	5	12.2
286	1276	3	34.38
2228	12	3	7.21
1901	2350	3	50.89
6727	12	3	16.22
403	110	14	98.24
914	12	4	5.29
274	105	4	7.87
180	999	3	29.15
348	101	7	17.94
1763	167	3	31.48
537	112	3	13.4
482	14	5	4
242	13	3	15.15
104	388	13	63.09
640	102	3	6.82
105	1958	3	16.33
1560	14	10	54.99
13	107	8	11.5
2763	101	4	23.69
2347	12	5	18.93
112	239	3	7.91
121	378	9	64.24
3250	101	4	26.28
103	2397	3	15.5
117	143	3	4.57
359	124	16	140.85
705	239	3	29.65
1127	387	3	36.17
117	311	3	11.61
588	12	7	11.22
106	3783	3	22.74
302	103	5	10.29
102	2802	4	23.89
122	228	4	16.41
113	511	5	27.76
12	2347	4	12.48
1058	14	6	14.93
102	395	8	25.88
4648	14	4	21.99
4789	14	3	12.13
310	126	3	14.4
12	3620	4	16.76
132	2629	3	30.18
6405	729	3	54.47
252	113	3	8.5
132	785	6	54.18
345	261	3	25.29
1549	12	5	13.86
1435	505	3	39.31
237	145	6	41.14
108	995	8	60.75
104	692	5	20.37
104	844	4	15.77
522	744	3	35.63
6139	3546	3	64.31
1399	12	3	4.44
112	3415	3	25.05
109	202	27	165.55
594	523	7	94.73
5028	105	3	26.8
341	14	24	74.01
549	5060	3	52.69
113	140	10	29.88
586	377	18	282.17
4494	14	3	12.13
126	122	4	5.59
2143	14	3	7.46
265	4118	3	42.62
107	1093	6	39.76
105	1130	8	54.28
3603	12	3	9.76
6272	12	3	16.22
9	229	3	4.1
1426	12	5	12.7
391	105	4	11.36
107	2208	3	19.29
103	2189	3	15.5
405	274	15	192.81
108	1847	6	50.86
4080	14	4	21.99
315	889	6	76.43
271	14	16	24.71
1231	111	4	26.65
1648	116	3	21.96
610	104	3	8.22
202	140	7	45.14
130	2361	5	55.66
258	294	4	34.59
102	1360	9	60.43
1206	188	4	43.64
131	160	3	10.36
104	4645	3	20.99
106	304	3	5.53
170	216	3	17.54
402	302	3	27.76
292	369	7	75.83
104	2149	3	16.01
108	2432	5	44.46
1724	12	3	5.59
1175	14	5	11.23
45	14	79	109.35
5790	375	3	50.05
464	251	10	119.07
101	3951	3	18.98
1207	14	4	7.78
108	2104	4	30.36
117	102	33	30.95
762	348	17	278.14
122	131	13	52
103	767	7	34.48
3604	101	4	26.28
107	117	13	10.8
1762	101	5	26.86
5618	12	3	16.22
104	3931	3	20.99
103	208	5	6.23
2814	14	3	8.57
873	174	5	52.48
121	363	3	14.09
572	14	17	65.44
688	165	9	101.44
2781	14	3	8.57
1150	107	3	14.91
161	107	4	4.93
2897	235	4	54.24
118	125	39	202.38
102	1770	3	12.37
101	1103	9	54.43
102	1619	3	11.65
2893	413	3	42.43
938	9	4	19.92
1668	195	4	47.06
298	108	3	7.75
101	2237	6	41.17
149	115	3	4.25
809	101	7	32.06
120	198	3	9.22
264	175	4	28.39
972	12	5	9.32
336	105	8	30.22
2103	608	3	43.67
102	5287	3	23.59
177	9	4	4.8
140	596	3	22.31
146	116	3	4.49
1008	251	5	59.96
1361	102	3	11.01
102	602	4	10.95
3619	14	4	17.12
112	569	6	36.19
3511	106	3	20.53
952	107	9	66.31
339	186	8	75.98
101	3337	3	16.79
12	4932	3	16.22
2292	104	4	24.47
112	319	4	15.26
160	441	3	22.73
948	12	4	5.75
105	1978	3	16.33
1237	105	4	20.65
584	295	3	30.15
406	236	4	37.27
104	436	7	26.06
6118	103	3	24.93
917	12	4	5.29
448	14	11	22.08
847	14	9	27.04
153	3575	3	34.94
104	3095	3	18.79
103	1169	3	11.2
8	254	11	41.73
108	4871	3	29.91
8	314	5	13.83
101	836	4	13.22
1616	14	4	9.33
3181	783	3	48.09
12	1521	4	8.99
452	103	3	6.11
115	279	3	9.73
102	3151	4	26.49
115	227	3	8.28
3051	9	3	21.14
843	103	3	9.53
231	119	6	27.24
2288	12	4	12.48
5024	101	3	23.43
107	545	9	53.14
461	249	3	27.13
108	1844	8	79.79
105	3961	3	22.33
1587	12	4	8.99
215	188	15	145.15
961	113	10	87.86
211	141	4	21.68
108	3641	3	25.42
233	101	6	8.38
846	1794	3	43.74
856	101	12	73.38
86	195	4	12.82
632	105	5	21.48
208	123	4	15.76
965	122	3	20.41
993	14	6	13.99
12	1990	5	16.86
3325	14	3	10.03
108	1074	9	73.78
4261	1413	4	78
1345	102	3	11.01
1819	12	3	5.59
765	12	4	4.5
989	103	5	22.78
86	450	3	14.18
1826	586	5	76.36
2620	12	3	8.32
134	101	38	93.58
1182	101	3	9.8
12	4418	3	11.86
5902	1254	3	57.54
476	1404	4	54.44
108	2099	6	54.1
117	156	3	6.05
117	106	20	21.44
319	112	3	9.77
103	663	4	13.33
103	739	5	20.1
112	661	3	14.72
134	140	4	13.13
1894	14	3	6.57
21	57	3	26.75
1423	12	7	23.98
747	466	4	49.31
802	12	4	4.88
153	351	4	29.24
4346	2192	3	56.98
683	9	8	47.54
2111	3707	4	82.86
1873	1437	4	66.91
933	14	11	43.62
1886	111	3	20.85
140	201	3	14.18
2558	104	5	37.06
2869	260	3	38.7
4762	14	4	21.99
5627	4819	3	66.54
6037	2917	3	62.72
119	257	4	16.22
3859	105	3	22.33
713	12	6	9.94
299	101	6	11.76
1284	101	8	47.39
943	524	4	52.37
12	814	4	4.88
2398	12	4	12.48
169	2639	6	86.12
515	250	12	152.03
1172	478	3	37.49
1249	101	3	10.3
13	2345	6	72.91
113	150	10	33.76
102	247	5	6.56
102	146	37	118.41
2580	1044	3	48.17
3178	104	4	28.97
2469	14	4	14.62
2090	12	3	6.33
121	338	3	13.51
103	488	3	6.46
158	198	4	24.08
111	184	5	13.35
1008	12	4	6.26
102	1933	5	28.85
1917	116	3	22.83
115	39	6	8.76
1434	14	3	4.66
12	1250	3	3.97
1140	278	3	33.39
104	453	4	10.88
1251	471	3	38.04
112	151	4	6.72
1	45	4	34.19
110	626	7	45.15
5529	12	3	16.22
107	3137	4	33.4
103	308	8	23.86
368	102	3	3.86
875	107	6	36.58
1651	101	7	45.24
1538	101	9	63.86
552	101	6	20.09
1664	103	5	29.32
136	315	5	32.82
102	3249	5	39.32
105	1067	8	52.51
110	3554	4	36.42
116	1557	4	31.09
1131	104	3	11.7
115	148	4	7.42
107	1334	3	16.03
724	112	5	31.19
1201	149	4	39.65
129	1596	3	25.31
105	1683	4	23.49
12	114	142	155.56
129	319	4	22.64
3251	12	3	9.76
103	362	3	4.79
879	115	3	17.45
301	105	3	5.09
102	1039	4	15.1
2080	147	4	43.63
4014	12	3	11.86
164	105	8	14.84
357	16	3	14.39
546	2069	3	41.86
110	5284	3	31.06
105	743	3	10.6
2392	14	3	7.46
104	6662	3	25.46
678	14	5	6.56
209	12	14	9.93
1875	348	8	132.43
113	1721	3	20.64
252	101	10	25.15
2837	12	3	8.32
108	802	10	76.81
888	103	3	9.9
108	682	9	62.39
132	715	7	64.07
1663	260	5	66.17
205	146	3	15.09
104	3527	3	18.79
1002	14	6	14.93
1419	366	3	36.84
5690	14	3	16.5
157	112	4	7.9
102	381	8	25.43
659	367	20	335.63
1679	12	6	21.39
117	131	4	5.72
219	101	8	13.58
105	1371	9	70.05
3395	2560	3	55.99
9	103	44	15.09
1963	1546	3	48.24
113	126	21	70.79
231	2444	4	53.77
4451	102	3	19.13
853	14	4	5.16
12	2468	5	21.76
101	156	16	31.81
370	105	5	15.59
2577	12	3	8.32
101	246	6	9.41
1806	12	3	5.59
180	334	4	31.34
133	258	3	14.66
278	341	4	36.53
1235	102	4	16.49
12	1907	3	6.33
112	2305	3	22.24
257	146	3	16.97
150	2772	3	33
162	1407	5	56.24
101	1421	4	17.11
686	108	3	13.23
122	394	3	14.88
108	3644	4	39.88
586	164	3	24.73
7114	9	3	27.83
978	154	8	91.58
1152	14	4	7.14
12	1034	4	6.26
337	130	3	16.49
8	2234	6	48.22
1744	757	3	43.01
106	166	5	6.21
2408	12	3	7.21
331	103	5	11.23
123	216	4	15.94
1021	12	5	10.03
12	1145	13	70.28
149	12	26	16.71
371	103	4	8.56
1161	250	5	60.88
108	2926	3	23.2
491	102	12	55.72
12	6134	3	16.22
3151	1115	3	50.26
486	135	4	28.34
379	126	3	15.93
107	297	6	21.38
12	376	9	11.07
104	1174	4	18.16
126	4210	4	49.04
6548	12	3	16.22
1351	162	3	29.9
4098	12	3	11.86
1351	105	4	21.48
111	298	9	47.12
108	4844	3	29.91
738	14	4	4.42
102	2067	5	28.85
105	2250	4	26.25
795	4186	3	50.32
367	14	7	6.01
3160	12	3	9.76
101	2549	3	15.24
110	403	3	10.94
102	290	12	38.84
107	2203	7	67.19
108	3657	3	25.42
281	557	3	29.31
113	124	19	58
103	891	9	53.11
122	503	3	16.42
9	249	3	4.79
107	862	3	13.17
191	2157	3	34.78
105	467	5	18.22
431	1292	3	38.05
258	120	3	11.41
2203	1834	7	144.36
305	12	8	5.11
3587	121	3	28.47
123	481	3	16.39
103	1712	5	29.32
101	566	7	25.77
136	7074	3	38.84
108	2427	4	32.27
109	363	5	20.68
6113	14	3	16.5
700	14	6	10.41
104	7070	3	25.46
2801	14	3	8.57
560	14	6	7.95
109	1122	9	74.69
1546	14	5	14.29
102	2834	3	15.39
117	120	6	7.28
12	1033	6	14.42
190	378	4	33.55
157	268	3	18.67
788	101	6	24.45
110	198	8	29.62
373	113	3	11.39
1094	12	4	6.82
2017	12	3	6.33
2314	105	4	26.25
2067	14	7	32.59
725	244	3	30.16
110	657	3	14.04
108	2935	4	34.89
2102	14	3	7.46
2768	120	5	53.11
406	168	4	32.76
12	1205	4	7.46
101	4277	4	31.25
1647	248	4	50.13
165	113	3	4.99
12	1613	3	4.97
132	411	3	18.3
115	103	18	4.97
177	118	8	34.07
102	5206	3	23.59
238	102	6	8.9
295	889	3	32.79
135	126	8	28.65
103	518	3	6.85
316	112	11	65.28
13	380	6	45.94
729	12	6	10.54
2122	351	3	39.87
1478	12	3	4.97
462	353	27	446.45
428	12	7	7.34
1408	12	3	4.44
57	118	3	5.3
6891	101	3	23.43
101	1948	4	20.32
787	12	11	36.38
1247	14	7	22.85
172	438	3	23.48
240	639	7	81.52
108	1302	5	34.78
105	1064	5	26.63
4280	3453	3	59.81
1278	14	4	7.78
3304	122	4	42.15
12	1384	5	12.7
1118	154	9	110.36
459	12	6	5.44
4335	115	3	28.29
151	101	8	5.47
274	121	10	64.39
3696	2	4	54.81
1748	12	4	9.95
579	12	5	5.1
2908	277	3	39.11
106	627	3	10.1
800	9	5	26.02
1215	478	6	87.1
104	571	3	7.98
200	14	40	104.06
1107	102	3	9.94
160	558	4	34.87
127	143	3	7.14
1264	101	9	56.95
685	12	7	13.75
158	589	3	24.49
103	172	7	9.03
219	234	5	39.91
359	101	5	10.34
105	1432	3	14.1
2359	12	3	7.21
102	2671	5	33.95
273	1024	4	46.56
101	1259	5	23.04
113	1284	5	37.19
1688	14	3	5.83
123	39	6	13.32
106	128	9	6.33
1583	14	4	9.33
102	1151	6	29.51
392	101	3	4.12
772	103	4	14.62
108	683	4	20.08
214	3319	3	38.65
381	103	4	8.94
102	6196	3	23.59
240	1148	3	32.5
105	299	5	13.02
222	105	5	9.32
733	8	4	16.73
242	2245	3	37.17
776	14	7	15.89
101	104	102	57.42
377	14	12	22.03
122	487	3	16.21
126	104	11	5.94
2960	2966	5	113.29
12	678	6	9.39
863	336	5	61.31
276	12	16	24
3841	101	4	31.25
1320	12	4	8.17
205	1404	3	32.2
106	149	8	12.18
101	366	11	40.08
201	1283	3	31.45
107	2056	3	18.28
324	12	11	13.31
12	1771	3	5.59
105	220	7	17.08
3071	12	3	9.76
1276	12	4	7.46
128	1771	3	25.62
107	835	3	13.17
2416	103	3	15.5
1314	5115	3	58.15
101	1135	5	22.06
112	748	3	15.35
3362	235	3	39.63
103	925	4	15.63
110	437	6	31.55
157	419	12	126.73
125	115	13	34.08
461	103	3	6.11
440	101	4	8.27
108	997	7	50.5
104	6853	3	25.46
2950	245	3	40
108	1072	8	62.53
3513	195	3	37.81
1532	14	3	5.2
111	1909	3	20.85
101	171	6	4.12
101	120	20	10.46
106	454	3	8.11
128	165	6	26.69
12	1519	5	13.86
3817	107	3	24.3
2834	12	3	8.32
1092	141	5	49.53
1610	12	3	4.97
552	115	5	29.8
224	101	32	148.58
57	8	6	6.27
4444	101	3	18.98
2127	5047	3	61.48
245	103	5	8.2
103	496	3	6.65
12	2960	5	27.03
3785	5009	3	66.54
105	1743	3	15.48
12	300	18	35.67
107	328	3	7.2
107	192	17	74.95
12	555	5	4.78
12	495	5	3.94
3739	115	4	43.72
250	8	22	116.54
316	405	10	121.73
1427	12	3	4.44
361	105	4	10.56
2582	12	3	8.32
105	795	12	84.49
105	675	6	28.83
12	1180	5	10.82
8	4762	3	22.49
12	6150	3	16.22
828	107	5	27.59
1885	14	4	11.43
3710	3709	4	92.42
12	1161	4	6.82
182	103	7	9.63
105	6851	3	26.8
203	101	50	274.14
559	823	10	156.03
2037	101	3	13.05
154	103	15	33.14
416	1290	4	52.51
1063	103	3	10.73
102	2346	5	31.02
3249	420	5	84.9
103	206	20	76.16
109	3613	4	35.3
121	365	3	14.09
105	3437	4	30.76
1519	12	4	8.99
12	1414	4	8.17
336	103	10	36.57
130	2698	3	30.09
1146	110	3	17.13
115	216	3	7.78
167	589	5	47.1
959	103	5	22.78
2295	14	3	7.46
146	86	3	4.89
101	637	9	41.08
16	2504	4	39.93
3137	104	4	28.97
610	102	3	6.57
740	101	4	12.3
1189	12	3	3.97
986	12	5	9.32
39	4795	4	49.51
1299	9	3	15.09
495	624	5	63.44
215	327	6	55.13
117	349	3	12.38
108	1849	4	28.84
1637	959	3	44.57
758	14	5	7.44
12	7026	3	16.22
530	101	4	9.82
6061	907	3	55.6
2494	101	6	46.87
116	2188	4	34.97
691	113	3	15.3
12	4417	3	11.86
225	12	14	11.67
128	3465	4	44.41
107	2582	3	20.52
6379	2807	3	62.72
106	234	5	10.61
102	1185	4	15.76
220	413	6	59.79
1598	103	3	12.94
478	103	6	20.61
102	4058	3	19.13
1010	104	3	11.23
237	107	5	13.17
6445	111	3	31.38
3701	14	4	21.99
105	337	3	5.73
104	882	6	30.04
816	176	4	39.3
364	14	16	37.32
102	6028	3	23.59
924	105	10	68.35
114	59	10	34.35
288	12	10	8.41
3766	137	4	51.83
821	14	4	5.16
2682	14	4	14.62
102	1238	8	47.8
108	2428	4	32.27
568	276	4	41.34
17	3055	3	32.84
110	3065	3	24.35
1259	105	5	28.54
670	978	3	38.81
102	2731	4	23.89
1248	12	3	3.97
124	863	3	20.59
639	121	3	17.77
1676	14	3	5.83
113	289	9	47.97
108	3658	3	25.42
111	743	5	30.56
105	2695	3	18.55
101	208	8	12.91
2334	260	7	110.18
101	312	8	20.55
1048	12	6	14.42
8	4	3	18.71
136	110	36	174.04
878	101	7	33.12
524	12	11	25.19
119	732	11	99.44
6556	14	3	16.5
206	1455	3	32.94
12	335	8	6.26
12	137	195	841.81
2997	102	3	16.94
102	4646	3	19.13
495	12	7	9.26
175	610	3	25.56
210	536	4	38.15
2024	364	8	133.71
210	113	5	16.5
1856	12	8	43.25
1772	250	3	35.37
12	386	7	6.11
819	120	4	28.32
277	14	15	21.87
12	520	5	4.21
182	122	3	8.57
155	206	5	32.6
119	943	4	28.17
12	1282	3	3.97
114	716	3	15.99
105	766	10	64.83
4707	101	4	31.25
104	4698	4	33.95
1428	12	3	4.44
253	2793	3	38.6
775	12	5	7.56
101	904	4	13.74
380	396	3	29.58
12	1233	4	7.46
1362	12	3	4.44
927	14	4	6.05
181	330	4	31.15
161	130	3	10.45
102	954	9	50.83
112	16	6	5.13
2180	14	4	12.83
973	102	3	9.05
153	877	4	37.61
12	541	6	7.12
1555	742	4	59.4
1393	12	4	8.17
347	464	13	175.96
107	246	6	18.72
12	123	351	1574.96
689	105	13	90.48
107	6719	3	28.79
7034	758	3	54.47
3522	12	4	16.76
689	162	5	48.92
117	1104	3	19.88
110	1069	4	24.78
112	540	3	13.4
322	497	5	55.17
1030	218	3	30.92
109	837	4	21.91
255	3085	3	40.19
1522	708	3	41.92
12	1385	3	4.44
128	286	3	14.09
308	103	15	64.75
104	213	5	7
107	3524	3	22.09
101	105	75	34.81
903	9	3	12.64
101	162	8	7.89
1041	107	5	29.88
638	102	3	6.82
268	2302	3	37.56
222	104	5	7.5
744	444	4	48.75
133	107	8	9.88
102	3848	4	31.45
115	718	3	16.34
12	625	8	16.35
9	107	67	122.73
1244	59	3	27.32
113	268	7	31.85
126	105	12	11.22
112	985	3	16.87
261	12	15	19
110	108	45	107.48
6839	12	3	16.22
494	101	10	42.37
388	8	3	6.9
666	1167	4	55.92
857	107	3	13.17
2206	1706	3	50.02
116	876	4	26.61
3555	14	4	17.12
1714	111	4	29.53
1212	379	4	51.57
159	1416	6	70.08
4019	1009	3	51.99
1486	110	6	48.72
295	175	3	20.6
106	197	5	8.48
107	1038	4	21.8
104	2050	4	22.97
108	1629	4	27.58
9	116	20	22.07
3734	1458	4	78.96
573	241	22	334.7
113	211	11	53.64
722	101	4	12.3
306	12	12	15.04
1291	12	3	3.97
1071	9	3	13.49
205	1352	4	45.75
101	119	20	7
1258	12	5	11.7
108	998	3	15.51
108	1073	8	62.53
426	102	11	45.38
109	205	9	34.24
1399	14	3	4.66
133	116	19	78.88
105	476	3	7.92
109	400	5	21.75
1054	107	5	29.88
115	892	4	25.82
123	204	4	15.39
104	2163	5	34.12
1067	2898	4	68.03
411	103	10	42.7
101	427	15	72.48
12	2198	4	12.48
135	863	4	33.02
3620	101	3	16.79
110	225	3	6.61
1138	12	4	6.82
4780	235	4	61.87
1089	107	4	22.49
588	14	8	15.55
3485	14	3	10.03
230	116	4	13.92
102	971	4	14.49
103	159	16	39.89
127	135	14	66.36
103	242	4	5.12
1197	110	3	17.66
4229	1120	3	52.5
107	329	4	11.9
1581	105	4	22.42
107	131	12	22.37
3442	12	3	9.76
482	12	10	19.33
4046	101	4	31.25
548	175	3	25.03
122	5195	3	35.35
6711	2243	3	61.48
101	878	5	19.63
2382	14	3	7.46
420	114	5	26.46
616	128	3	19.32
6270	470	3	51.53
110	1756	3	19.67
1599	104	4	20.66
8	111	17	5.42
2470	581	6	106.77
2599	12	3	8.32
104	266	4	6.07
109	2103	3	20.7
102	4616	3	19.13
375	105	3	6.62
6335	105	3	26.8
110	943	3	16.18
101	2074	5	28.6
941	14	4	6.05
1931	14	7	32.59
104	1488	6	37.58
12	256	13	13.4
290	14	8	4.77
1275	14	3	4.19
102	667	4	11.67
112	468	4	19.06
101	2053	3	13.05
168	103	101	739.26
4404	12	3	11.86
104	2914	3	17.23
400	1554	3	38.17
972	14	5	9.72
559	1018	7	104.84
843	309	12	175.18
1242	14	3	4.19
12	1279	3	3.97
2938	14	3	10.03
2817	336	3	40.68
108	2941	4	34.89
3769	3494	3	59.81
955	101	5	20.37
118	166	5	15.81
118	218	5	19.78
103	259	11	35.1
112	317	3	9.77
154	102	9	9.06
1235	1814	3	46.09
12	469	18	58.61
2229	122	3	25.82
936	180	3	28.68
408	293	3	27.83
113	553	3	13.91
7110	14	3	16.5
102	4770	4	31.45
108	2105	5	41.5
107	615	4	17.45
1823	103	5	29.32
541	121	3	16.72
193	115	31	221.43
647	8	3	9.87
45	12	71	80.22
102	1318	9	60.43
204	1711	3	33.49
410	1058	3	36.2
108	2429	5	44.46
4427	382	3	45.72
396	341	7	79.89
104	2403	4	24.47
360	102	4	6.87
102	3726	4	31.45
795	478	5	64.99
1327	12	3	4.44
102	5902	3	23.59
898	12	4	5.29
12	2096	3	7.21
442	1030	4	51.56
1580	103	3	12.94
12	763	18	97.32
1413	172	3	30.47
3083	12	3	9.76
1977	12	6	23.71
102	6248	3	23.59
251	107	3	5.58
887	215	3	29.95
102	5223	3	23.59
465	14	6	6.14
198	969	3	29.67
580	101	5	15.27
103	1338	4	19.05
8	315	7	23.97
16	59	7	25.6
101	699	3	7.22
103	401	7	24.04
103	579	6	23.45
551	101	25	195.46
1380	110	5	36.68
3223	12	3	9.76
339	39	4	22.87
12	149	28	20.82
102	4554	3	19.13
285	876	3	32.43
119	1688	4	33.16
107	291	3	6.46
109	1770	3	18.83
1524	14	3	5.2
12	6216	3	16.22
103	1423	3	12.29
104	437	6	20.79
182	107	5	9.27
714	14	4	4.09
1632	14	9	49.49
3478	14	3	10.03
106	240	6	15.35
153	3969	3	37.17
383	104	3	5.62
1858	2968	5	102.71
268	727	7	85.42
5009	5217	3	71.04
417	214	3	25.12
114	193	6	21.66
2873	12	4	14.26
188	364	3	22.89
108	2100	4	30.36
12	913	11	40.29
2992	102	3	16.94
1019	294	4	47.47
16	1664	4	35.22
103	831	3	9.53
8	1842	3	16.49
2716	104	6	50.92
262	14	10	7.08
1318	14	5	13.13
1606	104	3	13.44
391	107	7	32.2
2838	104	3	17.23
823	2591	3	46.88
471	416	3	31.25
108	1843	5	39.31
1869	12	3	6.33
985	2351	3	46.47
387	12	9	11.48
5680	101	3	23.43
1160	179	4	42.09
108	1075	6	41.98
101	328	10	30.98
8	826	3	11.43
1124	111	10	90.67
3045	102	3	16.94
133	173	5	23.59
1174	4559	4	76.37
449	12	10	17.36
101	281	10	27.45
5581	101	3	23.43
817	12	4	4.88
101	1378	4	17.11
121	774	11	105.2
1120	103	3	11.2
102	202	43	219.78
5	9	3	10.4
125	167	3	8.97
947	14	5	9.72
216	1330	3	32.49
2038	111	5	41.76
124	1099	5	43.36
12	866	4	5.29
230	217	3	20.42
103	664	5	19.01
1649	12	7	28.58
550	12	6	7.52
1540	12	4	8.99
3523	12	3	9.76
215	1136	3	31.34
104	2306	3	16.01
1617	12	4	8.99
2807	12	4	14.26
123	311	4	19.93
4794	3075	3	59.81
3049	101	4	26.28
1339	1035	3	43.6
643	390	22	383.33
1611	250	3	34.61
102	1269	3	10.45
212	341	7	67.54
12	1761	5	15.22
258	500	4	39.81
109	395	7	35.43
105	282	3	4.63
109	513	3	11.69
1147	14	6	15.97
3416	14	3	10.03
811	167	10	120.68
118	196	3	8.16
105	793	9	55.69
399	103	7	23.64
101	2210	3	14.04
386	101	4	7.24
12	490	11	23.47
1286	124	4	33.27
153	2340	6	77.72
474	14	30	165.03
191	144	6	36.67
108	3668	4	39.88
220	1786	6	80
372	14	10	14.42
112	354	3	10.68
886	105	3	11.66
470	103	3	6.28
3827	101	4	31.25
107	443	3	9.35
12	151	33	34.85
1067	1823	3	45.03
12	1505	3	4.97
119	643	5	33.41
3554	14	3	10.03
101	788	6	24.45
108	4875	3	29.91
105	2015	3	16.33
1665	182	5	60.53
12	538	17	59.62
127	148	4	12.28
118	149	7	22.75
115	4722	3	28.29
106	693	6	30.31
348	112	18	132.72
420	14	10	16.97
3670	146	3	36.37
455	8	29	246.3
107	1590	5	34.2
1255	12	4	7.46
105	7006	3	26.8
104	318	3	4.32
106	1033	3	12.9
715	709	5	68.31
301	104	6	15.28
135	125	3	5.24
105	1684	3	15.48
284	416	6	63.96
195	184	6	43.62
12	115	135	137.91
501	12	5	3.94
110	554	15	121.96
650	12	5	5.8
1226	14	3	4.19
113	3145	3	25.33
440	224	3	25.88
2110	14	6	27.38
988	14	4	6.05
222	106	4	6.41
2	14	23	12.15
4312	377	4	66.84
3202	111	3	24.67
106	2826	3	18.96
506	336	4	42.78
16	622	5	35.96
101	230	5	5.26
4298	12	3	11.86
2066	791	3	44.24
737	12	5	7.07
137	101	17	19.44
772	107	4	19.55
108	801	6	37.91
104	966	5	23.63
381	107	5	19.21
101	2790	3	15.24
117	130	5	8.96
2555	842	6	111.69
117	192	3	7.81
230	102	16	50.89
1818	12	3	5.59
121	2278	4	37.38
219	141	28	275.19
4399	12	4	21.62
117	281	3	10.83
102	433	15	73.23
102	365	4	6.87
102	484	3	5.33
102	1124	12	87.38
969	14	4	6.05
331	102	6	13.14
137	140	6	24.84
187	126	3	10.19
106	287	6	17.8
121	1692	7	72.64
101	398	8	25.5
6693	3938	3	66.54
86	404	3	13.64
104	1068	8	48.96
5502	110	3	31.06
115	664	4	23.41
1274	2297	3	47.98
838	151	4	36.74
101	203	19	59.94
103	1650	5	29.32
163	102	8	8.18
175	14	30	45.19
113	112	29	70.59
942	524	3	37.19
102	3024	3	16.94
124	1005	3	21.88
103	2308	3	15.5
1899	579	3	42.37
185	2	3	14.23
111	299	6	26.32
110	900	3	15.76
102	787	3	7.96
107	349	4	12.41
231	104	10	28.39
190	2626	4	51.44
1191	107	3	15.44
139	107	12	26.19
634	14	15	55.9
858	104	4	15.77
430	16	4	23.33
1680	165	3	31.38
3901	176	3	38.85
1713	14	4	10.29
108	4845	3	29.91
111	1432	3	18.57
2091	12	3	6.33
2658	5306	3	62.72
756	8	4	16.73
2249	12	3	7.21
118	234	5	20.95
105	4525	3	22.33
118	151	20	108.93
12	1144	10	40.43
350	14	11	15.82
182	116	3	6.81
12	1346	8	30.77
3772	3051	4	87.41
753	14	8	19.58
4944	14	3	16.5
172	1383	6	71.71
1437	14	6	18.49
385	14	16	40.15
329	2654	4	57.6
189	148	5	29.18
1590	444	3	38.91
404	102	3	4.38
142	108	92	663.15
