1876	1
289	2
1552	3
168	4
1193	5
254	6
982	7
78	8
176	9
522	10
732	11
458	12
8	13
157	14
75	15
102	16
557	17
138	18
1624	19
580	20
223	21
2212	22
754	23
1381	24
1680	25
1085	26
2275	27
114	28
113	29
964	30
21	31
21	32
495	33
415	34
1630	35
1504	36
4	37
920	38
13	39
2110	40
1047	41
280	42
142	43
876	44
267	45
1130	46
426	47
92	48
152	49
921	50
297	51
2170	52
411	53
1634	54
1179	55
2466	56
1885	57
144	58
908	59
75	60
161	61
75	62
75	63
468	64
2241	65
181	66
196	67
32	68
1062	69
2141	70
2142	71
1282	72
2143	73
2144	74
2013	75
819	76
352	77
611	78
611	79
61	80
198	81
1823	82
992	83
748	84
804	85
6	86
1349	87
295	88
3019	89
2471	90
887	91
29	92
59	93
227	94
22	95
180	96
1	97
3013	98
16	99
353	100
1654	101
44	102
1168	103
483	104
563	105
85	106
85	107
85	108
541	109
1185	110
972	111
1877	112
771	113
1317	114
456	115
1813	116
246	117
107	118
3067	119
996	120
1219	121
208	122
1168	123
204	124
2238	125
2	126
196	127
1750	128
628	129
227	130
1230	131
1860	132
2383	133
2490	134
356	135
9	136
2340	137
456	138
1799	139
2710	140
897	141
1912	142
2182	143
2603	144
315	145
1369	146
1411	147
395	148
65	149
931	150
19	151
492	152
492	153
492	154
1178	155
2283	156
2388	157
1202	158
1901	159
1889	160
403	161
772	162
1123	163
86	164
563	165
311	166
115	167
904	168
2321	169
1678	170
278	171
80	172
636	173
1871	174
1550	175
911	176
832	177
1246	178
95	179
521	180
771	181
2251	182
1231	183
1342	184
263	185
263	186
360	187
2762	188
320	189
2480	190
2544	191
1105	192
2	193
240	194
1352	195
49	196
411	197
119	198
1045	199
54	200
32	201
730	202
7	203
495	204
835	205
377	206
74	207
137	208
28	209
386	210
94	211
1537	212
21	213
511	214
1836	215
511	216
1793	217
1077	218
262	219
2303	220
445	221
1197	222
163	223
1570	224
346	225
22	226
47	227
1600	228
380	229
151	230
74	231
1709	232
389	233
75	234
1241	235
837	236
2489	237
198	238
695	239
940	240
538	241
1157	242
1610	243
355	244
405	245
1572	246
988	247
524	248
817	249
467	250
195	251
1849	252
1091	253
1101	254
518	255
406	256
192	257
774	258
663	259
1316	260
1321	261
1000	262
1186	263
20	264
2986	265
486	266
1205	267
1004	268
2597	269
127	270
148	271
358	272
68	273
1805	274
99	275
673	276
503	277
1717	278
710	279
131	280
525	281
536	282
242	283
49	284
407	285
574	286
495	287
84	288
57	289
309	290
125	291
56	292
1816	293
889	294
521	295
739	296
546	297
1465	298
67	299
1176	300
4	301
802	302
1141	303
730	304
1582	305
4	306
207	307
192	308
964	309
221	310
393	311
1791	312
278	313
196	314
935	315
1076	316
776	317
764	318
23	319
533	320
107	321
68	322
422	323
68	324
808	325
2423	326
370	327
750	328
406	329
160	330
407	331
2656	332
404	333
6	334
393	335
2967	336
387	337
2353	338
207	339
3003	340
2431	341
3060	342
126	343
636	344
1255	345
99	346
167	347
789	348
355	349
390	350
286	351
155	352
20	353
822	354
726	355
521	356
16	357
170	358
514	359
498	360
1371	361
169	362
1176	363
2531	364
2386	365
807	366
4	367
52	368
1333	369
177	370
1652	371
1220	372
2804	373
929	374
2605	375
1	376
1051	377
1677	378
316	379
116	380
560	381
560	382
1626	383
973	384
300	385
171	386
472	387
818	388
304	389
1273	390
1371	391
418	392
2127	393
1155	394
369	395
563	396
1114	397
1178	398
626	399
626	400
2778	401
82	402
737	403
737	404
1906	405
805	406
1397	407
1455	408
914	409
914	410
23	411
23	412
172	413
2596	414
2039	415
176	416
654	417
1111	418
1881	419
258	420
2468	421
1076	422
2691	423
22	424
1391	425
86	426
1492	427
2139	428
816	429
1008	430
1334	431
1458	432
966	433
3028	434
865	435
865	436
173	437
2453	438
2665	439
15	440
110	441
804	442
1696	443
344	444
2276	445
2183	446
1045	447
56	448
28	449
2988	450
38	451
773	452
1094	453
755	454
342	455
1315	456
2571	457
147	458
862	459
1459	460
2392	461
1414	462
447	463
859	464
2254	465
543	466
146	467
146	468
146	469
1115	470
1482	471
1482	472
74	473
1476	474
1303	475
2714	476
1811	477
36	478
58	479
1787	480
2535	481
391	482
868	483
417	484
2779	485
2	486
2	487
1	488
2	489
2763	490
33	491
16	492
1623	493
2116	494
1703	495
222	496
1051	497
2064	498
1907	499
1029	500
922	501
530	502
2476	503
1148	504
571	505
13	506
13	507
43	508
2269	509
1358	510
26	511
508	512
1143	513
1729	514
42	515
361	516
2393	517
421	518
564	519
1108	520
43	521
60	522
5	523
1375	524
73	525
342	526
71	527
1703	528
7	529
143	530
362	531
2172	532
1587	533
2161	534
274	535
852	536
114	537
1232	538
477	539
6	540
453	541
2081	542
2082	543
2040	544
2649	545
636	546
1271	547
1667	548
1576	549
23	550
169	551
23	552
276	553
427	554
313	555
1149	556
285	557
2675	558
1043	559
480	560
696	561
39	562
22	563
36	564
1721	565
398	566
398	567
45	568
45	569
1187	570
2996	571
969	572
3001	573
2332	574
260	575
1545	576
39	577
28	578
1207	579
3	580
87	581
1237	582
243	583
1036	584
1209	585
381	586
21	587
1693	588
1714	589
107	590
107	591
2718	592
128	593
109	594
45	595
45	596
749	597
5	598
31	599
36	600
494	601
1144	602
678	603
2245	604
147	605
1126	606
754	607
5	608
114	609
114	610
81	611
2096	612
223	613
223	614
52	615
52	616
54	617
898	618
1825	619
26	620
54	621
26	622
21	623
308	624
354	625
769	626
3	627
1733	628
1800	629
864	630
201	631
689	632
772	633
790	634
1361	635
46	636
77	637
339	638
1134	639
2950	640
411	641
455	642
2663	643
2099	644
1050	645
421	646
618	647
1313	648
1237	649
2214	650
2213	651
2700	652
67	653
1699	654
323	655
1037	656
1402	657
126	658
99	659
539	660
774	661
248	662
1408	663
896	664
2149	665
1379	666
805	667
1187	668
1204	669
115	670
420	671
1821	672
1	673
1077	674
2148	675
730	676
1649	677
1142	678
1966	679
115	680
821	681
13	682
558	683
322	684
516	685
233	686
495	687
314	688
1261	689
886	690
968	691
1311	692
921	693
591	694
1111	695
814	696
684	697
815	698
1539	699
129	700
1375	701
1786	702
1	703
1433	704
767	705
128	706
1146	707
1151	708
1665	709
1690	710
3005	711
281	712
1027	713
364	714
393	715
261	716
381	717
858	718
79	719
129	720
1216	721
1770	722
139	723
423	724
1642	725
26	726
393	727
350	728
79	729
962	730
1604	731
481	732
711	733
139	734
1	735
1629	736
765	737
152	738
743	739
68	740
644	741
2	742
360	743
261	744
1	745
194	746
82	747
261	748
168	749
519	750
1854	751
82	752
3	753
3	754
171	755
1161	756
1229	757
741	758
530	759
2569	760
148	761
231	762
323	763
763	764
792	765
2672	766
633	767
82	768
323	769
858	770
177	771
2589	772
1198	773
584	774
1403	775
1489	776
1628	777
806	778
118	779
71	780
272	781
216	782
53	783
1223	784
43	785
11	786
14	787
1459	788
693	789
185	790
631	791
102	792
117	793
321	794
464	795
880	796
3	797
399	798
1611	799
2439	800
110	801
3	802
578	803
595	804
357	805
35	806
548	807
1398	808
1347	809
1338	810
1804	811
1804	812
1354	813
288	814
1131	815
2503	816
720	817
341	818
3	819
1332	820
890	821
2	822
2	823
43	824
43	825
591	826
325	827
534	828
38	829
354	830
290	831
704	832
835	833
2	834
537	835
811	836
811	837
2249	838
163	839
1199	840
1058	841
1199	842
739	843
2969	844
515	845
515	846
1726	847
648	848
947	849
2226	850
213	851
456	852
207	853
1247	854
1212	855
2717	856
1	857
170	858
1113	859
657	860
405	861
476	862
766	863
70	864
829	865
1052	866
833	867
126	868
657	869
578	870
173	871
656	872
14	873
908	874
1474	875
701	876
15	877
758	878
276	879
320	880
389	881
289	882
707	883
55	884
930	885
995	886
51	887
376	888
481	889
278	890
3	891
1429	892
755	893
1084	894
1340	895
1679	896
755	897
603	898
92	899
20	900
672	901
1802	902
801	903
105	904
1187	905
668	906
775	907
108	908
29	909
65	910
304	911
350	912
513	913
188	914
392	915
67	916
569	917
397	918
85	919
2677	920
334	921
1561	922
339	923
5	924
1337	925
331	926
1605	927
417	928
691	929
506	930
59	931
615	932
103	933
2918	934
296	935
889	936
642	937
1076	938
280	939
1036	940
2399	941
1869	942
490	943
438	944
224	945
271	946
218	947
204	948
1743	949
426	950
2942	951
893	952
14	953
87	954
856	955
140	956
1259	957
749	958
7	959
145	960
862	961
208	962
433	963
109	964
2708	965
205	966
1023	967
48	968
520	969
105	970
780	971
568	972
286	973
441	974
83	975
684	976
3	977
722	978
101	979
57	980
2316	981
981	982
813	983
169	984
873	985
5	986
2233	987
1	988
547	989
67	990
3054	991
2131	992
243	993
293	994
503	995
374	996
2326	997
198	998
2977	999
1892	1000
1837	1001
2375	1002
734	1003
322	1004
2579	1005
533	1006
2412	1007
1471	1008
68	1009
68	1010
211	1011
126	1012
2990	1013
129	1014
963	1015
97	1016
1467	1017
32	1018
231	1019
1824	1020
1872	1021
93	1022
227	1023
29	1024
607	1025
1415	1026
1248	1027
1155	1028
1025	1029
68	1030
1462	1031
28	1032
2125	1033
368	1034
50	1035
333	1036
71	1037
90	1038
435	1039
140	1040
337	1041
72	1042
431	1043
136	1044
87	1045
5	1046
9	1047
235	1048
76	1049
63	1050
114	1051
1	1052
1548	1053
18	1054
1033	1055
933	1056
62	1057
183	1058
37	1059
185	1060
1494	1061
1816	1062
43	1063
1675	1064
46	1065
33	1066
26	1067
105	1068
6	1069
9	1070
52	1071
56	1072
2346	1073
383	1074
1006	1075
158	1076
388	1077
291	1078
60	1079
1946	1080
11	1081
9	1082
352	1083
237	1084
167	1085
449	1086
1	1087
439	1088
846	1089
328	1090
1278	1091
1716	1092
109	1093
592	1094
5	1095
600	1096
91	1097
72	1098
299	1099
226	1100
184	1101
130	1102
2060	1103
3021	1104
19	1105
1102	1106
93	1107
1260	1108
1214	1109
364	1110
1534	1111
214	1112
438	1113
433	1114
1702	1115
757	1116
757	1117
389	1118
477	1119
2175	1120
280	1121
1518	1122
1582	1123
1812	1124
550	1125
3022	1126
481	1127
481	1128
74	1129
425	1130
1698	1131
52	1132
2572	1133
3020	1134
215	1135
104	1136
877	1137
806	1138
103	1139
75	1140
23	1141
41	1142
332	1143
567	1144
335	1145
24	1146
1	1147
310	1148
1671	1149
170	1150
958	1151
542	1152
1124	1153
353	1154
2799	1155
32	1156
579	1157
162	1158
1962	1159
209	1160
284	1161
195	1162
514	1163
317	1164
1	1165
188	1166
1418	1167
320	1168
414	1169
2	1170
1	1171
2259	1172
74	1173
400	1174
1081	1175
1083	1176
6	1177
44	1178
877	1179
519	1180
193	1181
7	1182
2103	1183
1421	1184
194	1185
521	1186
206	1187
337	1188
723	1189
299	1190
96	1191
5	1192
17	1193
299	1194
60	1195
1776	1196
309	1197
391	1198
149	1199
3	1200
124	1201
1461	1202
19	1203
156	1204
378	1205
721	1206
1400	1207
257	1208
74	1209
94	1210
2781	1211
138	1212
138	1213
1818	1214
18	1215
233	1216
139	1217
425	1218
376	1219
717	1220
144	1221
460	1222
10	1223
1	1224
66	1225
293	1226
1741	1227
799	1228
149	1229
1	1230
876	1231
542	1232
1138	1233
2752	1234
2	1235
282	1236
256	1237
868	1238
1738	1239
265	1240
1306	1241
212	1242
1096	1243
2758	1244
100	1245
128	1246
365	1247
2391	1248
992	1249
2608	1250
365	1251
318	1252
336	1253
244	1254
408	1255
1554	1256
1239	1257
344	1258
11	1259
634	1260
358	1261
823	1262
307	1263
504	1264
504	1265
232	1266
15	1267
232	1268
454	1269
1	1270
504	1271
683	1272
1605	1273
204	1274
432	1275
1054	1276
100	1277
1891	1278
926	1279
992	1280
253	1281
2377	1282
243	1283
1909	1284
65	1285
398	1286
943	1287
529	1288
65	1289
2659	1290
210	1291
104	1292
129	1293
1766	1294
2016	1295
1046	1296
404	1297
138	1298
177	1299
689	1300
81	1301
81	1302
81	1303
81	1304
175	1305
150	1306
1153	1307
515	1308
669	1309
96	1310
96	1311
449	1312
270	1313
270	1314
44	1315
44	1316
44	1317
112	1318
44	1319
314	1320
194	1321
192	1322
53	1323
1	1324
18	1325
373	1326
215	1327
7	1328
679	1329
410	1330
1846	1331
1811	1332
1655	1333
1062	1334
2	1335
16	1336
392	1337
458	1338
1483	1339
1661	1340
1205	1341
1742	1342
274	1343
875	1344
191	1345
1159	1346
1136	1347
276	1348
1	1349
79	1350
302	1351
263	1352
297	1353
283	1354
761	1355
183	1356
14	1357
195	1358
619	1359
22	1360
151	1361
1	1362
202	1363
25	1364
1565	1365
211	1366
799	1367
808	1368
198	1369
30	1370
73	1371
1110	1372
1844	1373
278	1374
1	1375
2787	1376
2694	1377
547	1378
1071	1379
824	1380
877	1381
12	1382
378	1383
678	1384
85	1385
5	1386
630	1387
220	1388
7	1389
362	1390
219	1391
62	1392
2177	1393
14	1394
184	1395
2265	1396
1895	1397
2430	1398
58	1399
285	1400
895	1401
469	1402
24	1403
1751	1404
76	1405
234	1406
637	1407
906	1408
343	1409
1574	1410
288	1411
1396	1412
687	1413
471	1414
2946	1415
365	1416
1396	1417
959	1418
167	1419
1612	1420
771	1421
154	1422
239	1423
485	1424
124	1425
422	1426
158	1427
585	1428
1737	1429
1880	1430
283	1431
197	1432
309	1433
467	1434
983	1435
1127	1436
1866	1437
16	1438
376	1439
1059	1440
1481	1441
215	1442
2314	1443
316	1444
201	1445
1813	1446
124	1447
791	1448
149	1449
1088	1450
174	1451
1886	1452
529	1453
781	1454
1794	1455
210	1456
1827	1457
1617	1458
1617	1459
153	1460
1863	1461
210	1462
2426	1463
1593	1464
577	1465
97	1466
739	1467
772	1468
661	1469
1647	1470
288	1471
3080	1472
1236	1473
3071	1474
135	1475
965	1476
199	1477
697	1478
423	1479
416	1480
417	1481
1218	1482
158	1483
571	1484
1596	1485
571	1486
484	1487
372	1488
1809	1489
500	1490
372	1491
712	1492
349	1493
743	1494
3076	1495
1183	1496
985	1497
411	1498
156	1499
410	1500
116	1501
3031	1502
1749	1503
644	1504
203	1505
198	1506
1037	1507
16	1508
108	1509
1151	1510
1021	1511
198	1512
413	1513
653	1514
349	1515
1814	1516
385	1517
162	1518
385	1519
390	1520
672	1521
294	1522
801	1523
783	1524
284	1525
201	1526
511	1527
732	1528
1490	1529
653	1530
202	1531
1495	1532
2973	1533
192	1534
1209	1535
316	1536
489	1537
295	1538
983	1539
277	1540
1564	1541
509	1542
126	1543
556	1544
2815	1545
1194	1546
1042	1547
202	1548
277	1549
295	1550
417	1551
937	1552
1819	1553
2216	1554
1172	1555
1569	1556
423	1557
658	1558
42	1559
105	1560
125	1561
624	1562
487	1563
660	1564
1569	1565
290	1566
894	1567
1092	1568
20	1569
125	1570
382	1571
1831	1572
67	1573
487	1574
420	1575
155	1576
293	1577
155	1578
67	1579
716	1580
1039	1581
1540	1582
19	1583
1549	1584
1542	1585
573	1586
500	1587
68	1588
1208	1589
395	1590
67	1591
423	1592
716	1593
1475	1594
984	1595
311	1596
1224	1597
529	1598
1198	1599
1214	1600
1	1601
67	1602
522	1603
68	1604
154	1605
1195	1606
658	1607
2834	1608
1766	1609
618	1610
402	1611
283	1612
309	1613
108	1614
1172	1615
285	1616
1066	1617
1540	1618
1082	1619
715	1620
1196	1621
1021	1622
818	1623
554	1624
1130	1625
563	1626
256	1627
312	1628
317	1629
3044	1630
513	1631
115	1632
402	1633
115	1634
799	1635
395	1636
510	1637
202	1638
777	1639
487	1640
1773	1641
797	1642
256	1643
312	1644
1472	1645
778	1646
1859	1647
409	1648
485	1649
128	1650
1754	1651
56	1652
2402	1653
894	1654
383	1655
130	1656
545	1657
414	1658
817	1659
115	1660
1424	1661
154	1662
673	1663
1620	1664
312	1665
416	1666
820	1667
1021	1668
1194	1669
753	1670
1496	1671
3049	1672
212	1673
1773	1674
545	1675
290	1676
212	1677
1855	1678
1188	1679
573	1680
675	1681
1631	1682
212	1683
1546	1684
510	1685
392	1686
366	1687
1889	1688
212	1689
1135	1690
1515	1691
352	1692
1135	1693
1490	1694
789	1695
1188	1696
1631	1697
2796	1698
383	1699
2297	1700
950	1701
290	1702
1229	1703
2405	1704
668	1705
1806	1706
2989	1707
1221	1708
1419	1709
2959	1710
627	1711
373	1712
1547	1713
2272	1714
500	1715
827	1716
1061	1717
1229	1718
1821	1719
403	1720
674	1721
777	1722
715	1723
627	1724
2906	1725
627	1726
541	1727
742	1728
1883	1729
1847	1730
1666	1731
918	1732
1453	1733
931	1734
541	1735
674	1736
498	1737
373	1738
107	1739
199	1740
1623	1741
756	1742
261	1743
1126	1744
57	1745
187	1746
2	1747
2	1748
38	1749
263	1750
2922	1751
464	1752
179	1753
179	1754
179	1755
2731	1756
1	1757
1	1758
1	1759
176	1760
166	1761
2751	1762
1911	1763
166	1764
2724	1765
19	1766
19	1767
1128	1768
648	1769
1660	1770
664	1771
1400	1772
1	1773
1	1774
2793	1775
729	1776
1646	1777
1640	1778
869	1779
641	1780
69	1781
863	1782
469	1783
24	1784
652	1785
174	1786
507	1787
744	1788
621	1789
1129	1790
270	1791
639	1792
33	1793
687	1794
712	1795
129	1796
384	1797
128	1798
1747	1799
573	1800
1082	1801
413	1802
555	1803
312	1804
1006	1805
1842	1806
518	1807
545	1808
1664	1809
149	1810
2461	1811
1189	1812
832	1813
130	1814
332	1815
677	1816
681	1817
1886	1818
157	1819
518	1820
491	1821
210	1822
32	1823
305	1824
412	1825
1649	1826
53	1827
5	1828
36	1829
87	1830
654	1831
350	1832
488	1833
15	1834
501	1835
145	1836
1038	1837
412	1838
567	1839
3057	1840
1097	1841
28	1842
41	1843
1312	1844
1312	1845
311	1846
23	1847
38	1848
1097	1849
88	1850
233	1851
193	1852
1016	1853
244	1854
5	1855
954	1856
1297	1857
327	1858
826	1859
1453	1860
914	1861
624	1862
2470	1863
2459	1864
1051	1865
1847	1866
2734	1867
1919	1868
2012	1869
113	1870
655	1871
290	1872
721	1873
681	1874
1236	1875
377	1876
2746	1877
1478	1878
316	1879
1449	1880
708	1881
1807	1882
1466	1883
1	1884
63	1885
1144	1886
2488	1887
52	1888
112	1889
2616	1890
2654	1891
476	1892
472	1893
1101	1894
633	1895
1100	1896
371	1897
1868	1898
190	1899
1060	1900
110	1901
565	1902
684	1903
553	1904
1	1905
85	1906
809	1907
397	1908
146	1909
257	1910
43	1911
2757	1912
1	1913
1462	1914
756	1915
644	1916
229	1917
45	1918
45	1919
288	1920
236	1921
1093	1922
1796	1923
403	1924
352	1925
576	1926
2626	1927
1213	1928
1134	1929
1681	1930
1724	1931
662	1932
69	1933
97	1934
1186	1935
248	1936
540	1937
1078	1938
800	1939
959	1940
490	1941
16	1942
163	1943
227	1944
1388	1945
391	1946
733	1947
1852	1948
539	1949
126	1950
340	1951
405	1952
80	1953
168	1954
2	1955
319	1956
1391	1957
867	1958
837	1959
1413	1960
919	1961
261	1962
4	1963
971	1964
18	1965
2532	1966
549	1967
1306	1968
196	1969
1072	1970
238	1971
42	1972
42	1973
164	1974
59	1975
1	1976
1486	1977
194	1978
662	1979
546	1980
268	1981
103	1982
1	1983
437	1984
61	1985
120	1986
5	1987
910	1988
298	1989
1441	1990
44	1991
349	1992
2927	1993
2	1994
2842	1995
366	1996
135	1997
483	1998
165	1999
2242	2000
133	2001
1536	2002
1829	2003
1729	2004
1020	2005
125	2006
155	2007
555	2008
1169	2009
309	2010
443	2011
695	2012
682	2013
2594	2014
1376	2015
533	2016
963	2017
153	2018
68	2019
1366	2020
867	2021
1138	2022
1173	2023
2723	2024
879	2025
1678	2026
43	2027
1971	2028
1079	2029
2	2030
180	2031
346	2032
271	2033
1470	2034
501	2035
443	2036
1470	2037
329	2038
803	2039
1385	2040
1	2041
244	2042
848	2043
266	2044
552	2045
174	2046
2964	2047
995	2048
239	2049
25	2050
241	2051
309	2052
633	2053
2953	2054
791	2055
288	2056
648	2057
1088	2058
1657	2059
1002	2060
1316	2061
262	2062
12	2063
866	2064
39	2065
1835	2066
647	2067
1090	2068
1563	2069
66	2070
185	2071
66	2072
979	2073
264	2074
2038	2075
840	2076
879	2077
659	2078
96	2079
1103	2080
708	2081
111	2082
1445	2083
281	2084
980	2085
37	2086
1302	2087
1174	2088
441	2089
235	2090
440	2091
76	2092
1	2093
7	2094
7	2095
368	2096
180	2097
256	2098
259	2099
353	2100
489	2101
1129	2102
792	2103
785	2104
1	2105
1344	2106
436	2107
345	2108
305	2109
1064	2110
557	2111
2115	2112
814	2113
1167	2114
317	2115
967	2116
1592	2117
582	2118
1289	2119
462	2120
1218	2121
118	2122
77	2123
355	2124
948	2125
107	2126
2533	2127
31	2128
1134	2129
2924	2130
2688	2131
2323	2132
882	2133
130	2134
628	2135
42	2136
224	2137
143	2138
143	2139
1027	2140
572	2141
709	2142
550	2143
356	2144
140	2145
2220	2146
2669	2147
1295	2148
611	2149
2304	2150
2492	2151
28	2152
144	2153
144	2154
2	2155
1	2156
2983	2157
476	2158
1447	2159
791	2160
2529	2161
758	2162
2146	2163
401	2164
2237	2165
54	2166
1613	2167
888	2168
110	2169
2920	2170
1965	2171
1734	2172
3	2173
1248	2174
380	2175
569	2176
634	2177
991	2178
2701	2179
1840	2180
588	2181
1815	2182
167	2183
318	2184
1799	2185
2357	2186
1267	2187
1528	2188
1684	2189
1427	2190
2098	2191
991	2192
420	2193
2760	2194
1897	2195
292	2196
1454	2197
1451	2198
2518	2199
2203	2200
1	2201
1	2202
2053	2203
1	2204
1967	2205
221	2206
3	2207
1367	2208
1632	2209
2526	2210
2644	2211
1034	2212
473	2213
129	2214
450	2215
199	2216
937	2217
1676	2218
1740	2219
649	2220
54	2221
1268	2222
1268	2223
61	2224
1154	2225
124	2226
1625	2227
1517	2228
57	2229
946	2230
885	2231
70	2232
72	2233
50	2234
53	2235
69	2236
216	2237
24	2238
176	2239
184	2240
596	2241
301	2242
1299	2243
235	2244
237	2245
337	2246
363	2247
245	2248
111	2249
1479	2250
1301	2251
1555	2252
1028	2253
699	2254
119	2255
1305	2256
219	2257
863	2258
91	2259
206	2260
334	2261
37	2262
143	2263
362	2264
1281	2265
1280	2266
7	2267
852	2268
264	2269
276	2270
1253	2271
91	2272
234	2273
1437	2274
109	2275
872	2276
270	2277
63	2278
69	2279
1524	2280
90	2281
447	2282
1431	2283
440	2284
1627	2285
219	2286
592	2287
181	2288
48	2289
62	2290
9	2291
7	2292
51	2293
249	2294
333	2295
641	2296
942	2297
338	2298
363	2299
729	2300
722	2301
1249	2302
101	2303
1302	2304
442	2305
142	2306
111	2307
7	2308
113	2309
330	2310
680	2311
72	2312
466	2313
249	2314
25	2315
141	2316
14	2317
10	2318
134	2319
77	2320
14	2321
301	2322
91	2323
206	2324
120	2325
237	2326
114	2327
62	2328
214	2329
53	2330
272	2331
141	2332
885	2333
871	2334
333	2335
159	2336
24	2337
272	2338
249	2339
117	2340
94	2341
35	2342
1319	2343
143	2344
363	2345
437	2346
368	2347
531	2348
449	2349
1362	2350
2088	2351
269	2352
915	2353
680	2354
1266	2355
34	2356
7	2357
328	2358
82	2359
593	2360
2813	2361
1723	2362
1675	2363
200	2364
27	2365
27	2366
523	2367
251	2368
2696	2369
348	2370
1307	2371
30	2372
2791	2373
2908	2374
2913	2375
2911	2376
2910	2377
1128	2378
3024	2379
1722	2380
2788	2381
2697	2382
2232	2383
1480	2384
2907	2385
2585	2386
2909	2387
2914	2388
2162	2389
2915	2390
2698	2391
1820	2392
1969	2393
2916	2394
2917	2395
91	2396
1058	2397
902	2398
2443	2399
225	2400
180	2401
3063	2402
66	2403
1085	2404
751	2405
2719	2406
2737	2407
1709	2408
1113	2409
2133	2410
232	2411
2018	2412
2424	2413
40	2414
762	2415
245	2416
35	2417
91	2418
17	2419
1793	2420
47	2421
78	2422
752	2423
1171	2424
1851	2425
1712	2426
2089	2427
2721	2428
965	2429
791	2430
1562	2431
221	2432
54	2433
2481	2434
33	2435
697	2436
950	2437
2899	2438
577	2439
173	2440
173	2441
360	2442
492	2443
388	2444
1234	2445
2114	2446
353	2447
1637	2448
3059	2449
20	2450
20	2451
191	2452
730	2453
247	2454
2221	2455
1222	2456
1817	2457
1817	2458
110	2459
170	2460
19	2461
752	2462
2485	2463
1407	2464
342	2465
2360	2466
2576	2467
1573	2468
3029	2469
1098	2470
1753	2471
187	2472
1012	2473
408	2474
408	2475
408	2476
1840	2477
489	2478
2474	2479
18	2480
18	2481
713	2482
27	2483
27	2484
27	2485
27	2486
27	2487
27	2488
205	2489
829	2490
248	2491
248	2492
229	2493
75	2494
248	2495
2814	2496
2630	2497
2722	2498
2395	2499
167	2500
734	2501
119	2502
424	2503
190	2504
1271	2505
547	2506
1771	2507
1547	2508
1556	2509
325	2510
218	2511
1264	2512
11	2513
1533	2514
1282	2515
2140	2516
41	2517
11	2518
2138	2519
2965	2520
860	2521
170	2522
2512	2523
36	2524
1074	2525
999	2526
163	2527
1421	2528
19	2529
537	2530
31	2531
2347	2532
626	2533
1687	2534
26	2535
26	2536
845	2537
15	2538
40	2539
1145	2540
976	2541
224	2542
162	2543
2186	2544
887	2545
292	2546
757	2547
103	2548
29	2549
229	2550
2165	2551
40	2552
31	2553
1	2554
857	2555
1463	2556
850	2557
279	2558
2624	2559
41	2560
52	2561
2030	2562
4	2563
136	2564
139	2565
38	2566
37	2567
203	2568
635	2569
369	2570
969	2571
910	2572
590	2573
86	2574
211	2575
168	2576
18	2577
538	2578
9	2579
319	2580
186	2581
897	2582
243	2583
20	2584
99	2585
152	2586
15	2587
1127	2588
588	2589
258	2590
203	2591
1	2592
171	2593
50	2594
825	2595
1044	2596
1755	2597
35	2598
116	2599
1655	2600
1	2601
2372	2602
1304	2603
55	2604
841	2605
275	2606
162	2607
366	2608
978	2609
38	2610
9	2611
69	2612
74	2613
993	2614
107	2615
1824	2616
1330	2617
27	2618
1330	2619
2604	2620
308	2621
42	2622
616	2623
45	2624
284	2625
724	2626
29	2627
532	2628
178	2629
160	2630
28	2631
2885	2632
294	2633
509	2634
473	2635
944	2636
397	2637
222	2638
103	2639
514	2640
20	2641
20	2642
1748	2643
776	2644
6	2645
2484	2646
851	2647
207	2648
308	2649
1402	2650
1207	2651
788	2652
442	2653
513	2654
1041	2655
1102	2656
840	2657
744	2658
324	2659
2655	2660
809	2661
535	2662
457	2663
242	2664
671	2665
2054	2666
2806	2667
164	2668
1069	2669
2052	2670
589	2671
2681	2672
1359	2673
1378	2674
16	2675
2371	2676
203	2677
2670	2678
396	2679
103	2680
59	2681
235	2682
298	2683
17	2684
469	2685
113	2686
942	2687
140	2688
861	2689
61	2690
131	2691
119	2692
131	2693
199	2694
705	2695
212	2696
2380	2697
2514	2698
1406	2699
650	2700
579	2701
679	2702
28	2703
609	2704
609	2705
903	2706
903	2707
1139	2708
400	2709
434	2710
2294	2711
2777	2712
2	2713
683	2714
1521	2715
332	2716
87	2717
1173	2718
179	2719
43	2720
1275	2721
1368	2722
785	2723
1718	2724
1050	2725
409	2726
457	2727
2264	2728
318	2729
2618	2730
436	2731
834	2732
2281	2733
623	2734
1774	2735
1	2736
41	2737
934	2738
271	2739
833	2740
428	2741
1908	2742
1381	2743
29	2744
1	2745
31	2746
1266	2747
112	2748
1438	2749
544	2750
907	2751
2753	2752
386	2753
484	2754
1014	2755
148	2756
1831	2757
768	2758
1036	2759
753	2760
2263	2761
463	2762
1	2763
1875	2764
2135	2765
26	2766
912	2767
782	2768
60	2769
61	2770
92	2771
93	2772
169	2773
189	2774
11	2775
5	2776
5	2777
5	2778
437	2779
154	2780
1874	2781
821	2782
709	2783
998	2784
1	2785
1	2786
17	2787
12	2788
3011	2789
2642	2790
2621	2791
394	2792
150	2793
1191	2794
1866	2795
1092	2796
538	2797
350	2798
1646	2799
1602	2800
22	2801
725	2802
264	2803
1681	2804
165	2805
780	2806
3023	2807
955	2808
1588	2809
156	2810
377	2811
305	2812
292	2813
1165	2814
1588	2815
125	2816
1694	2817
2056	2818
1928	2819
1256	2820
37	2821
859	2822
721	2823
1408	2824
454	2825
57	2826
1140	2827
228	2828
4	2829
2422	2830
1040	2831
282	2832
1451	2833
889	2834
394	2835
963	2836
410	2837
410	2838
2111	2839
501	2840
199	2841
1228	2842
150	2843
150	2844
924	2845
195	2846
42	2847
463	2848
307	2849
452	2850
577	2851
1195	2852
1469	2853
1276	2854
128	2855
1947	2856
280	2857
369	2858
20	2859
283	2860
573	2861
1009	2862
128	2863
1236	2864
1879	2865
1596	2866
1559	2867
2510	2868
514	2869
1659	2870
152	2871
254	2872
8	2873
466	2874
639	2875
51	2876
1751	2877
235	2878
2935	2879
111	2880
252	2881
1031	2882
1170	2883
76	2884
979	2885
257	2886
1746	2887
2344	2888
780	2889
46	2890
183	2891
204	2892
1475	2893
413	2894
1192	2895
1127	2896
1590	2897
1107	2898
1049	2899
1009	2900
1839	2901
165	2902
1373	2903
1003	2904
1183	2905
27	2906
1063	2907
461	2908
2406	2909
20	2910
208	2911
1533	2912
2335	2913
1156	2914
421	2915
1614	2916
1614	2917
55	2918
340	2919
649	2920
1249	2921
561	2922
580	2923
2496	2924
576	2925
287	2926
160	2927
250	2928
171	2929
2561	2930
175	2931
402	2932
865	2933
286	2934
1653	2935
114	2936
1903	2937
42	2938
68	2939
935	2940
826	2941
1767	2942
4	2943
1445	2944
209	2945
165	2946
2683	2947
25	2948
830	2949
24	2950
784	2951
493	2952
93	2953
5	2954
2794	2955
335	2956
105	2957
130	2958
215	2959
215	2960
1339	2961
409	2962
294	2963
28	2964
179	2965
4	2966
2	2967
132	2968
5	2969
143	2970
186	2971
38	2972
35	2973
1251	2974
345	2975
1916	2976
178	2977
178	2978
1745	2979
1838	2980
498	2981
1648	2982
2807	2983
37	2984
76	2985
136	2986
50	2987
9	2988
36	2989
1744	2990
595	2991
524	2992
667	2993
147	2994
2253	2995
603	2996
295	2997
1209	2998
411	2999
572	3000
55	3001
105	3002
417	3003
1552	3004
421	3005
171	3006
1544	3007
823	3008
415	3009
1691	3010
1013	3011
1226	3012
20	3013
629	3014
1747	3015
546	3016
1204	3017
998	3018
684	3019
286	3020
457	3021
451	3022
55	3023
99	3024
1016	3025
736	3026
978	3027
1	3028
819	3029
572	3030
375	3031
257	3032
985	3033
326	3034
191	3035
1658	3036
1034	3037
2434	3038
934	3039
400	3040
308	3041
1689	3042
289	3043
42	3044
255	3045
1025	3046
2188	3047
432	3048
1095	3049
1360	3050
2298	3051
1095	3052
2640	3053
412	3054
1601	3055
1601	3056
1090	3057
389	3058
43	3059
1452	3060
2941	3061
346	3062
346	3063
346	3064
207	3065
16	3066
989	3067
2222	3068
1035	3069
1035	3070
95	3071
2606	3072
2580	3073
2252	3074
32	3075
32	3076
240	3077
77	3078
616	3079
487	3080
972	3081
1290	3082
1290	3083
2653	3084
365	3085
70	3086
1526	3087
1206	3088
2972	3089
318	3090
23	3091
16	3092
1789	3093
192	3094
1132	3095
491	3096
1644	3097
284	3098
1568	3099
1190	3100
1571	3101
560	3102
2543	3103
439	3104
268	3105
942	3106
34	3107
1550	3108
2557	3109
790	3110
164	3111
240	3112
2952	3113
29	3114
2921	3115
2	3116
1114	3117
2578	3118
139	3119
1154	3120
52	3121
2094	3122
807	3123
588	3124
1	3125
440	3126
7	3127
874	3128
92	3129
435	3130
142	3131
1591	3132
1243	3133
881	3134
216	3135
2396	3136
1	3137
1688	3138
2037	3139
66	3140
1	3141
1207	3142
1116	3143
121	3144
36	3145
1711	3146
334	3147
117	3148
140	3149
63	3150
26	3151
475	3152
631	3153
2011	3154
330	3155
34	3156
34	3157
618	3158
303	3159
2066	3160
939	3161
176	3162
252	3163
53	3164
219	3165
136	3166
249	3167
2376	3168
1701	3169
62	3170
1348	3171
1769	3172
1124	3173
1369	3174
2725	3175
1359	3176
46	3177
25	3178
34	3179
187	3180
1112	3181
72	3182
39	3183
883	3184
620	3185
33	3186
51	3187
2881	3188
347	3189
86	3190
790	3191
1	3192
180	3193
2130	3194
876	3195
1239	3196
2583	3197
22	3198
17	3199
1	3200
750	3201
438	3202
102	3203
36	3204
2065	3205
4	3206
63	3207
2159	3208
29	3209
46	3210
381	3211
2083	3212
1298	3213
9	3214
1247	3215
98	3216
76	3217
176	3218
84	3219
1128	3220
33	3221
33	3222
223	3223
2328	3224
39	3225
386	3226
2350	3227
94	3228
270	3229
1436	3230
1699	3231
44	3232
8	3233
341	3234
1700	3235
102	3236
1	3237
854	3238
2087	3239
2208	3240
3004	3241
2712	3242
1704	3243
60	3244
896	3245
2248	3246
1409	3247
2014	3248
851	3249
2890	3250
15	3251
1270	3252
185	3253
439	3254
693	3255
2966	3256
34	3257
342	3258
34	3259
2246	3260
882	3261
1121	3262
1242	3263
35	3264
425	3265
47	3266
1399	3267
1361	3268
517	3269
902	3270
182	3271
13	3272
38	3273
237	3274
2100	3275
185	3276
33	3277
163	3278
2716	3279
1524	3280
7	3281
44	3282
2270	3283
2570	3284
198	3285
18	3286
990	3287
1503	3288
761	3289
974	3290
259	3291
1731	3292
2	3293
247	3294
1	3295
296	3296
561	3297
1	3298
359	3299
126	3300
70	3301
798	3302
413	3303
3	3304
1718	3305
3009	3306
844	3307
122	3308
782	3309
8	3310
53	3311
46	3312
2079	3313
200	3314
56	3315
2901	3316
2841	3317
2860	3318
2829	3319
2839	3320
2866	3321
2823	3322
2833	3323
2843	3324
2873	3325
2827	3326
1918	3327
2830	3328
2844	3329
2832	3330
1762	3331
2895	3332
2887	3333
2902	3334
2897	3335
2851	3336
2900	3337
2884	3338
2889	3339
2981	3340
2893	3341
2817	3342
2825	3343
2819	3344
83	3345
632	3346
379	3347
225	3348
119	3349
334	3350
586	3351
384	3352
221	3353
338	3354
158	3355
596	3356
205	3357
53	3358
252	3359
58	3360
143	3361
429	3362
362	3363
120	3364
502	3365
181	3366
301	3367
234	3368
531	3369
734	3370
76	3371
36	3372
9	3373
73	3374
72	3375
431	3376
249	3377
206	3378
1305	3379
136	3380
374	3381
1283	3382
224	3383
112	3384
237	3385
206	3386
7	3387
37	3388
298	3389
502	3390
1300	3391
9	3392
368	3393
205	3394
330	3395
72	3396
36	3397
143	3398
44	3399
90	3400
2937	3401
2818	3402
2854	3403
2826	3404
2822	3405
2835	3406
2820	3407
2880	3408
2888	3409
2828	3410
2891	3411
2892	3412
2903	3413
2882	3414
2652	3415
1121	3416
1954	3417
1558	3418
676	3419
1222	3420
339	3421
269	3422
433	3423
178	3424
224	3425
1	3426
371	3427
1043	3428
2	3429
2563	3430
12	3431
2	3432
43	3433
214	3434
498	3435
626	3436
1040	3437
54	3438
1216	3439
815	3440
1075	3441
1318	3442
593	3443
694	3444
1308	3445
16	3446
329	3447
41	3448
562	3449
1370	3450
1805	3451
139	3452
1843	3453
1344	3454
31	3455
79	3456
402	3457
23	3458
250	3459
67	3460
236	3461
1097	3462
764	3463
767	3464
200	3465
81	3466
282	3467
2152	3468
1203	3469
666	3470
1053	3471
2520	3472
675	3473
2968	3474
12	3475
12	3476
374	3477
178	3478
78	3479
101	3480
1837	3481
2292	3482
1727	3483
2555	3484
893	3485
2338	3486
246	3487
1335	3488
183	3489
1578	3490
601	3491
2	3492
2	3493
1798	3494
182	3495
1854	3496
1864	3497
158	3498
1	3499
2614	3500
566	3501
732	3502
2802	3503
479	3504
253	3505
905	3506
430	3507
126	3508
2247	3509
3015	3510
2	3511
282	3512
1770	3513
222	3514
400	3515
189	3516
2668	3517
2782	3518
2536	3519
741	3520
1638	3521
548	3522
726	3523
620	3524
1156	3525
4	3526
1011	3527
1172	3528
15	3529
2284	3530
12	3531
3	3532
909	3533
561	3534
133	3535
312	3536
1865	3537
128	3538
1633	3539
23	3540
1328	3541
1262	3542
165	3543
574	3544
84	3545
166	3546
489	3547
349	3548
1902	3549
2926	3550
401	3551
1488	3552
616	3553
839	3554
1196	3555
175	3556
2410	3557
44	3558
496	3559
2591	3560
117	3561
24	3562
1265	3563
33	3564
839	3565
2447	3566
70	3567
1485	3568
1243	3569
232	3570
1	3571
2740	3572
49	3573
2	3574
884	3575
30	3576
735	3577
856	3578
526	3579
462	3580
209	3581
448	3582
1013	3583
1227	3584
727	3585
1	3586
89	3587
41	3588
146	3589
1749	3590
54	3591
714	3592
67	3593
385	3594
1189	3595
173	3596
232	3597
152	3598
316	3599
1529	3600
32	3601
863	3602
899	3603
1803	3604
3	3605
1	3606
2	3607
311	3608
193	3609
126	3610
980	3611
1622	3612
690	3613
1629	3614
505	3615
1061	3616
314	3617
56	3618
1797	3619
3079	3620
1056	3621
824	3622
1089	3623
556	3624
1477	3625
1101	3626
647	3627
661	3628
170	3629
20	3630
173	3631
2525	3632
2204	3633
167	3634
213	3635
230	3636
1093	3637
3035	3638
551	3639
961	3640
1706	3641
483	3642
39	3643
264	3644
37	3645
5	3646
109	3647
121	3648
58	3649
1232	3650
114	3651
51	3652
872	3653
1028	3654
435	3655
447	3656
568	3657
2598	3658
31	3659
3018	3660
669	3661
1173	3662
321	3663
1720	3664
823	3665
17	3666
17	3667
17	3668
321	3669
2288	3670
1953	3671
2194	3672
98	3673
11	3674
1279	3675
11	3676
1	3677
303	3678
880	3679
17	3680
70	3681
750	3682
131	3683
135	3684
2980	3685
2	3686
3032	3687
19	3688
2593	3689
1245	3690
1972	3691
172	3692
16	3693
2	3694
52	3695
2155	3696
113	3697
1388	3698
237	3699
206	3700
205	3701
35	3702
109	3703
727	3704
949	3705
57	3706
1	3707
131	3708
870	3709
813	3710
1163	3711
509	3712
1641	3713
317	3714
2978	3715
480	3716
26	3717
749	3718
2336	3719
2504	3720
10	3721
1464	3722
3	3723
3	3724
399	3725
900	3726
1	3727
1117	3728
335	3729
1492	3730
2058	3731
270	3732
360	3733
138	3734
1055	3735
1580	3736
178	3737
875	3738
1292	3739
98	3740
39	3741
242	3742
23	3743
434	3744
3030	3745
6	3746
520	3747
112	3748
27	3749
146	3750
2736	3751
1292	3752
103	3753
357	3754
197	3755
47	3756
614	3757
162	3758
2370	3759
1389	3760
2049	3761
613	3762
46	3763
306	3764
1065	3765
966	3766
795	3767
1608	3768
2449	3769
307	3770
1695	3771
728	3772
4	3773
201	3774
210	3775
1487	3776
194	3777
194	3778
168	3779
539	3780
968	3781
139	3782
116	3783
180	3784
987	3785
17	3786
280	3787
3061	3788
1871	3789
276	3790
557	3791
146	3792
1419	3793
131	3794
117	3795
180	3796
267	3797
12	3798
1111	3799
886	3800
1548	3801
534	3802
231	3803
616	3804
1736	3805
296	3806
2628	3807
12	3808
1775	3809
146	3810
1125	3811
1819	3812
1046	3813
457	3814
701	3815
7	3816
8	3817
1140	3818
719	3819
797	3820
1190	3821
100	3822
958	3823
171	3824
104	3825
841	3826
106	3827
201	3828
140	3829
39	3830
1329	3831
243	3832
724	3833
2811	3834
1115	3835
751	3836
967	3837
213	3838
86	3839
1616	3840
157	3841
678	3842
97	3843
24	3844
24	3845
1960	3846
250	3847
707	3848
1652	3849
770	3850
947	3851
107	3852
1089	3853
562	3854
1169	3855
2602	3856
3075	3857
1042	3858
133	3859
731	3860
3	3861
16	3862
1045	3863
173	3864
173	3865
1716	3866
705	3867
1057	3868
1059	3869
964	3870
2524	3871
210	3872
1160	3873
793	3874
1324	3875
1852	3876
1887	3877
2551	3878
962	3879
2537	3880
525	3881
932	3882
248	3883
512	3884
673	3885
1005	3886
2643	3887
1717	3888
604	3889
153	3890
720	3891
55	3892
1511	3893
31	3894
1457	3895
1226	3896
262	3897
366	3898
890	3899
758	3900
402	3901
403	3902
2382	3903
388	3904
1893	3905
1463	3906
826	3907
3070	3908
2954	3909
55	3910
371	3911
797	3912
1060	3913
503	3914
28	3915
110	3916
191	3917
80	3918
1020	3919
230	3920
133	3921
1586	3922
635	3923
562	3924
110	3925
1327	3926
341	3927
1365	3928
1168	3929
2995	3930
194	3931
326	3932
106	3933
1286	3934
242	3935
1	3936
51	3937
37	3938
9	3939
1923	3940
272	3941
843	3942
873	3943
93	3944
266	3945
397	3946
18	3947
1152	3948
240	3949
24	3950
1112	3951
669	3952
189	3953
15	3954
147	3955
1240	3956
103	3957
22	3958
1534	3959
617	3960
617	3961
1120	3962
634	3963
242	3964
101	3965
606	3966
131	3967
859	3968
441	3969
441	3970
132	3971
1113	3972
1407	3973
30	3974
90	3975
252	3976
205	3977
176	3978
134	3979
159	3980
62	3981
58	3982
495	3983
92	3984
146	3985
59	3986
10	3987
29	3988
426	3989
238	3990
1341	3991
917	3992
2761	3993
1597	3994
1597	3995
33	3996
685	3997
1084	3998
2552	3999
1334	4000
331	4001
564	4002
38	4003
325	4004
96	4005
1109	4006
318	4007
1905	4008
412	4009
1137	4010
308	4011
273	4012
683	4013
1584	4014
901	4015
2755	4016
132	4017
175	4018
610	4019
253	4020
406	4021
302	4022
1297	4023
2	4024
4	4025
1720	4026
84	4027
104	4028
2	4029
763	4030
259	4031
49	4032
90	4033
1085	4034
269	4035
2102	4036
81	4037
81	4038
332	4039
2070	4040
226	4041
2444	4042
90	4043
1285	4044
912	4045
1	4046
883	4047
64	4048
1245	4049
1739	4050
76	4051
40	4052
580	4053
433	4054
583	4055
580	4056
63	4057
89	4058
121	4059
416	4060
57	4061
768	4062
1535	4063
1156	4064
307	4065
1199	4066
409	4067
1163	4068
464	4069
323	4070
566	4071
262	4072
527	4073
2765	4074
246	4075
45	4076
172	4077
172	4078
172	4079
117	4080
117	4081
2646	4082
540	4083
608	4084
2513	4085
200	4086
152	4087
748	4088
1663	4089
1034	4090
459	4091
3073	4092
522	4093
124	4094
28	4095
54	4096
2287	4097
986	4098
619	4099
692	4100
351	4101
1108	4102
1108	4103
414	4104
414	4105
613	4106
1044	4107
1769	4108
2912	4109
38	4110
399	4111
92	4112
1019	4113
925	4114
925	4115
812	4116
3039	4117
1809	4118
457	4119
1393	4120
2	4121
2364	4122
1477	4123
2429	4124
153	4125
395	4126
1446	4127
382	4128
243	4129
160	4130
83	4131
568	4132
390	4133
326	4134
326	4135
326	4136
326	4137
4	4138
2178	4139
1087	4140
2362	4141
621	4142
543	4143
531	4144
808	4145
131	4146
1567	4147
7	4148
3	4149
408	4150
39	4151
399	4152
971	4153
798	4154
1184	4155
960	4156
1523	4157
525	4158
152	4159
923	4160
978	4161
536	4162
1525	4163
652	4164
536	4165
945	4166
535	4167
955	4168
1795	4169
1424	4170
296	4171
647	4172
526	4173
256	4174
1026	4175
297	4176
297	4177
813	4178
297	4179
2217	4180
2352	4181
2181	4182
64	4183
429	4184
4	4185
2994	4186
1039	4187
1486	4188
1103	4189
1103	4190
21	4191
21	4192
151	4193
98	4194
321	4195
1227	4196
669	4197
151	4198
1119	4199
619	4200
217	4201
204	4202
228	4203
1	4204
15	4205
335	4206
582	4207
2355	4208
1	4209
164	4210
23	4211
2223	4212
15	4213
1	4214
1	4215
25	4216
11	4217
783	4218
1117	4219
34	4220
1	4221
497	4222
166	4223
163	4224
1551	4225
643	4226
1700	4227
220	4228
122	4229
46	4230
977	4231
854	4232
2319	4233
674	4234
391	4235
1710	4236
835	4237
698	4238
698	4239
1380	4240
1065	4241
924	4242
520	4243
520	4244
1323	4245
1782	4246
1945	4247
200	4248
713	4249
380	4250
169	4251
190	4252
524	4253
2803	4254
1008	4255
739	4256
2766	4257
1705	4258
213	4259
1401	4260
1876	4261
740	4262
2128	4263
152	4264
1048	4265
842	4266
1708	4267
670	4268
105	4269
359	4270
31	4271
231	4272
260	4273
1033	4274
789	4275
294	4276
1204	4277
28	4278
69	4279
1645	4280
1182	4281
966	4282
2687	4283
21	4284
21	4285
13	4286
1656	4287
1065	4288
277	4289
325	4290
2727	4291
2157	4292
1499	4293
22	4294
1858	4295
1225	4296
227	4297
979	4298
396	4299
294	4300
414	4301
454	4302
1857	4303
74	4304
1571	4305
1326	4306
1	4307
358	4308
358	4309
465	4310
1449	4311
1807	4312
606	4313
1593	4314
1423	4315
750	4316
2061	4317
685	4318
54	4319
526	4320
526	4321
643	4322
515	4323
994	4324
995	4325
137	4326
287	4327
1373	4328
1651	4329
1464	4330
472	4331
472	4332
314	4333
125	4334
2267	4335
1081	4336
818	4337
893	4338
2404	4339
267	4340
147	4341
169	4342
169	4343
1331	4344
279	4345
1838	4346
229	4347
453	4348
254	4349
1	4350
2400	4351
10	4352
217	4353
217	4354
10	4355
10	4356
35	4357
35	4358
35	4359
1480	4360
974	4361
478	4362
187	4363
64	4364
594	4365
773	4366
1532	4367
505	4368
544	4369
1114	4370
769	4371
443	4372
111	4373
6	4374
718	4375
1387	4376
556	4377
239	4378
1215	4379
158	4380
2565	4381
1052	4382
2097	4383
142	4384
372	4385
1093	4386
372	4387
454	4388
505	4389
160	4390
370	4391
83	4392
182	4393
218	4394
44	4395
1252	4396
418	4397
418	4398
1694	4399
654	4400
927	4401
927	4402
1682	4403
2494	4404
820	4405
1061	4406
70	4407
336	4408
818	4409
2706	4410
559	4411
136	4412
183	4413
550	4414
418	4415
951	4416
951	4417
37	4418
540	4419
501	4420
1895	4421
2637	4422
1000	4423
102	4424
537	4425
1823	4426
373	4427
284	4428
629	4429
315	4430
3077	4431
196	4432
1507	4433
2759	4434
909	4435
2728	4436
1858	4437
404	4438
728	4439
184	4440
31	4441
2243	4442
345	4443
114	4444
114	4445
120	4446
120	4447
801	4448
657	4449
452	4450
52	4451
1575	4452
3006	4453
380	4454
38	4455
2173	4456
692	4457
57	4458
121	4459
1874	4460
32	4461
2939	4462
394	4463
2692	4464
1194	4465
2541	4466
836	4467
2095	4468
1584	4469
692	4470
2015	4471
1760	4472
344	4473
161	4474
1030	4475
1461	4476
47	4477
752	4478
388	4479
388	4480
1743	4481
4	4482
665	4483
301	4484
21	4485
1015	4486
1863	4487
1212	4488
43	4489
766	4490
767	4491
1348	4492
1834	4493
48	4494
48	4495
48	4496
48	4497
1560	4498
370	4499
421	4500
667	4501
93	4502
3	4503
1062	4504
279	4505
1255	4506
52	4507
2057	4508
123	4509
579	4510
1744	4511
123	4512
1012	4513
1937	4514
10	4515
121	4516
121	4517
10	4518
25	4519
734	4520
17	4521
185	4522
181	4523
475	4524
30	4525
182	4526
118	4527
61	4528
62	4529
35	4530
1107	4531
2905	4532
11	4533
235	4534
25	4535
8	4536
842	4537
2117	4538
609	4539
1336	4540
1735	4541
820	4542
1157	4543
431	4544
930	4545
1502	4546
918	4547
2767	4548
1177	4549
1177	4550
354	4551
33	4552
39	4553
34	4554
58	4555
2528	4556
2219	4557
434	4558
2151	4559
405	4560
2358	4561
445	4562
2651	4563
1	4564
250	4565
174	4566
49	4567
116	4568
2756	4569
45	4570
287	4571
510	4572
2590	4573
1130	4574
622	4575
1466	4576
1351	4577
1351	4578
432	4579
1220	4580
764	4581
323	4582
815	4583
2930	4584
549	4585
419	4586
550	4587
624	4588
732	4589
1832	4590
1092	4591
701	4592
2553	4593
2836	4594
1418	4595
2840	4596
2824	4597
623	4598
2542	4599
1713	4600
1137	4601
671	4602
2749	4603
2077	4604
1244	4605
836	4606
2236	4607
885	4608
398	4609
74	4610
1765	4611
255	4612
2862	4613
188	4614
320	4615
320	4616
3	4617
151	4618
1761	4619
621	4620
3	4621
2160	4622
162	4623
1746	4624
2574	4625
1452	4626
2808	4627
165	4628
400	4629
400	4630
390	4631
381	4632
2354	4633
165	4634
549	4635
424	4636
104	4637
89	4638
574	4639
377	4640
18	4641
1404	4642
230	4643
20	4644
1722	4645
72	4646
108	4647
206	4648
206	4649
150	4650
56	4651
56	4652
613	4653
144	4654
1503	4655
28	4656
28	4657
28	4658
1	4659
1	4660
413	4661
125	4662
125	4663
982	4664
81	4665
81	4666
127	4667
1778	4668
1772	4669
2486	4670
2960	4671
1343	4672
703	4673
367	4674
652	4675
2118	4676
183	4677
1174	4678
1	4679
293	4680
1132	4681
2671	4682
16	4683
797	4684
2635	4685
83	4686
56	4687
2711	4688
2940	4689
42	4690
102	4691
1748	4692
1860	4693
33	4694
34	4695
35	4696
226	4697
3068	4698
1281	4699
181	4700
216	4701
8	4702
415	4703
1428	4704
13	4705
1479	4706
265	4707
1640	4708
415	4709
17	4710
72	4711
594	4712
9	4713
101	4714
58	4715
106	4716
25	4717
46	4718
108	4719
532	4720
94	4721
299	4722
1430	4723
98	4724
47	4725
2086	4726
2003	4727
2119	4728
2059	4729
2121	4730
1992	4731
2872	4732
406	4733
2871	4734
2853	4735
1759	4736
1994	4737
1984	4738
2852	4739
1985	4740
2849	4741
482	4742
2868	4743
1758	4744
1968	4745
3078	4746
2875	4747
2859	4748
2870	4749
2855	4750
3025	4751
2845	4752
2847	4753
2857	4754
3069	4755
2850	4756
1977	4757
2874	4758
2864	4759
1974	4760
2848	4761
2022	4762
2877	4763
2846	4764
1935	4765
2006	4766
1986	4767
2019	4768
1997	4769
2122	4770
2051	4771
1989	4772
2025	4773
2000	4774
2004	4775
2124	4776
1980	4777
2120	4778
1955	4779
2020	4780
2023	4781
1990	4782
2001	4783
1995	4784
2021	4785
1996	4786
2044	4787
1998	4788
2002	4789
1999	4790
2949	4791
2123	4792
1756	4793
1993	4794
661	4795
2026	4796
2240	4797
471	4798
2856	4799
1991	4800
1988	4801
1933	4802
1979	4803
1981	4804
2005	4805
1983	4806
2076	4807
1973	4808
2876	4809
1987	4810
1982	4811
1978	4812
2676	4813
3033	4814
1932	4815
2867	4816
2045	4817
1975	4818
1934	4819
1914	4820
2024	4821
2150	4822
1976	4823
2858	4824
220	4825
337	4826
109	4827
265	4828
952	4829
469	4830
91	4831
141	4832
852	4833
596	4834
532	4835
98	4836
729	4837
446	4838
888	4839
12	4840
853	4841
444	4842
1414	4843
131	4844
1963	4845
1283	4846
112	4847
31	4848
438	4849
279	4850
269	4851
708	4852
443	4853
208	4854
141	4855
141	4856
141	4857
141	4858
843	4859
1752	4860
659	4861
793	4862
1873	4863
994	4864
410	4865
1055	4866
701	4867
795	4868
360	4869
1157	4870
297	4871
2235	4872
2105	4873
1104	4874
638	4875
1410	4876
1152	4877
1105	4878
2730	4879
1618	4880
46	4881
46	4882
46	4883
2339	4884
272	4885
1772	4886
107	4887
229	4888
89	4889
159	4890
245	4891
273	4892
217	4893
1238	4894
1238	4895
396	4896
1276	4897
43	4898
255	4899
255	4900
960	4901
8	4902
1072	4903
507	4904
1585	4905
2534	4906
84	4907
508	4908
300	4909
1900	4910
3062	4911
29	4912
354	4913
386	4914
807	4915
1005	4916
1033	4917
2673	4918
586	4919
128	4920
130	4921
518	4922
285	4923
312	4924
65	4925
783	4926
2998	4927
262	4928
2454	4929
660	4930
658	4931
566	4932
566	4933
731	4934
860	4935
860	4936
7	4937
240	4938
348	4939
39	4940
1927	4941
2417	4942
215	4943
1544	4944
905	4945
48	4946
332	4947
95	4948
595	4949
2	4950
89	4951
89	4952
1365	4953
900	4954
164	4955
57	4956
2078	4957
164	4958
347	4959
347	4960
347	4961
234	4962
142	4963
1	4964
2726	4965
460	4966
217	4967
1931	4968
340	4969
90	4970
71	4971
252	4972
66	4973
2167	4974
1	4975
460	4976
1910	4977
430	4978
4	4979
598	4980
1162	4981
175	4982
2029	4983
460	4984
57	4985
10	4986
10	4987
10	4988
88	4989
404	4990
404	4991
27	4992
1599	4993
1726	4994
138	4995
899	4996
2798	4997
323	4998
472	4999
560	5000
229	5001
952	5002
221	5003
976	5004
976	5005
537	5006
530	5007
116	5008
314	5009
917	5010
19	5011
1620	5012
1	5013
724	5014
387	5015
2091	5016
2074	5017
186	5018
1263	5019
106	5020
432	5021
327	5022
2193	5023
2008	5024
1269	5025
758	5026
1176	5027
1410	5028
50	5029
83	5030
6	5031
484	5032
952	5033
838	5034
3002	5035
2239	5036
682	5037
682	5038
1674	5039
452	5040
1073	5041
2397	5042
310	5043
259	5044
60	5045
499	5046
113	5047
254	5048
183	5049
150	5050
202	5051
30	5052
144	5053
51	5054
1031	5055
2280	5056
440	5057
69	5058
1232	5059
13	5060
729	5061
8	5062
134	5063
225	5064
276	5065
9	5066
17	5067
869	5068
119	5069
159	5070
235	5071
587	5072
134	5073
680	5074
208	5075
94	5076
72	5077
24	5078
122	5079
257	5080
437	5081
142	5082
61	5083
118	5084
874	5085
73	5086
639	5087
10	5088
184	5089
1636	5090
89	5091
453	5092
5	5093
47	5094
435	5095
871	5096
87	5097
93	5098
252	5099
374	5100
44	5101
145	5102
216	5103
14	5104
159	5105
338	5106
62	5107
182	5108
92	5109
53	5110
58	5111
120	5112
225	5113
134	5114
17	5115
90	5116
71	5117
36	5118
63	5119
72	5120
101	5121
73	5122
249	5123
61	5124
206	5125
11	5126
264	5127
438	5128
144	5129
76	5130
10	5131
69	5132
368	5133
13	5134
122	5135
1258	5136
226	5137
596	5138
117	5139
2943	5140
2573	5141
2707	5142
2970	5143
1211	5144
759	5145
1004	5146
1164	5147
1118	5148
90	5149
31	5150
31	5151
1774	5152
2925	5153
7	5154
7	5155
7	5156
1119	5157
2433	5158
337	5159
795	5160
1458	5161
1592	5162
983	5163
418	5164
1812	5165
576	5166
821	5167
557	5168
1323	5169
1074	5170
259	5171
260	5172
12	5173
1210	5174
1222	5175
2812	5176
2595	5177
1806	5178
664	5179
996	5180
664	5181
663	5182
2427	5183
1498	5184
775	5185
2285	5186
135	5187
1786	5188
280	5189
1930	5190
156	5191
717	5192
271	5193
271	5194
287	5195
119	5196
907	5197
260	5198
2432	5199
1	5200
2042	5201
710	5202
230	5203
150	5204
1380	5205
340	5206
642	5207
3051	5208
137	5209
454	5210
191	5211
100	5212
8	5213
636	5214
40	5215
2307	5216
5	5217
24	5218
180	5219
214	5220
65	5221
468	5222
1223	5223
1137	5224
1337	5225
186	5226
424	5227
129	5228
724	5229
735	5230
183	5231
465	5232
1	5233
1	5234
1	5235
1	5236
1	5237
1	5238
1	5239
1	5240
1	5241
347	5242
85	5243
19	5244
92	5245
70	5246
251	5247
111	5248
63	5249
76	5250
122	5251
102	5252
98	5253
9	5254
440	5255
722	5256
587	5257
535	5258
794	5259
535	5260
938	5261
227	5262
1554	5263
1768	5264
278	5265
374	5266
428	5267
1581	5268
227	5269
755	5270
297	5271
836	5272
171	5273
56	5274
533	5275
2337	5276
1841	5277
371	5278
2658	5279
1070	5280
496	5281
359	5282
255	5283
1233	5284
32	5285
615	5286
103	5287
381	5288
2218	5289
344	5290
528	5291
32	5292
538	5293
278	5294
1893	5295
559	5296
51	5297
330	5298
473	5299
792	5300
450	5301
18	5302
1005	5303
139	5304
3065	5305
2627	5306
1148	5307
3017	5308
672	5309
968	5310
364	5311
2228	5312
1029	5313
1147	5314
354	5315
434	5316
1658	5317
2366	5318
3082	5319
379	5320
1122	5321
123	5322
372	5323
552	5324
671	5325
1333	5326
1006	5327
57	5328
1856	5329
1104	5330
97	5331
1530	5332
913	5333
1764	5334
1683	5335
2638	5336
810	5337
1516	5338
1891	5339
2742	5340
2648	5341
104	5342
148	5343
2224	5344
310	5345
788	5346
1171	5347
1619	5348
787	5349
2686	5350
490	5351
154	5352
1855	5353
364	5354
2780	5355
1551	5356
1836	5357
526	5358
1725	5359
697	5360
113	5361
265	5362
76	5363
184	5364
33	5365
2196	5366
258	5367
53	5368
69	5369
583	5370
36	5371
38	5372
97	5373
30	5374
36	5375
1416	5376
1511	5377
1300	5378
2584	5379
1820	5380
1090	5381
956	5382
1054	5383
333	5384
95	5385
1442	5386
482	5387
751	5388
1	5389
2027	5390
136	5391
157	5392
1896	5393
953	5394
48	5395
638	5396
355	5397
236	5398
247	5399
1691	5400
301	5401
302	5402
58	5403
2210	5404
188	5405
1672	5406
2244	5407
429	5408
17	5409
71	5410
1827	5411
1384	5412
246	5413
1541	5414
383	5415
1029	5416
544	5417
348	5418
1425	5419
385	5420
1386	5421
426	5422
223	5423
909	5424
327	5425
1522	5426
1604	5427
150	5428
293	5429
474	5430
512	5431
1080	5432
357	5433
40	5434
492	5435
947	5436
448	5437
2389	5438
2261	5439
508	5440
163	5441
1357	5442
192	5443
1788	5444
1775	5445
2732	5446
597	5447
1234	5448
1285	5449
787	5450
482	5451
712	5452
937	5453
2084	5454
30	5455
437	5456
73	5457
892	5458
24	5459
1783	5460
117	5461
72	5462
226	5463
594	5464
7	5465
141	5466
1767	5467
1	5468
654	5469
779	5470
415	5471
1141	5472
1637	5473
238	5474
825	5475
1073	5476
108	5477
229	5478
269	5479
1041	5480
683	5481
2407	5482
1457	5483
55	5484
277	5485
1178	5486
158	5487
2679	5488
1508	5489
21	5490
289	5491
3	5492
76	5493
62	5494
621	5495
62	5496
218	5497
1435	5498
555	5499
689	5500
415	5501
853	5502
1244	5503
1217	5504
9	5505
63	5506
219	5507
112	5508
996	5509
1390	5510
1712	5511
131	5512
244	5513
1397	5514
144	5515
1961	5516
181	5517
1382	5518
39	5519
64	5520
379	5521
707	5522
579	5523
12	5524
1607	5525
173	5526
2205	5527
967	5528
496	5529
1890	5530
446	5531
1147	5532
360	5533
884	5534
164	5535
281	5536
281	5537
281	5538
3	5539
1455	5540
103	5541
1037	5542
719	5543
1032	5544
118	5545
1372	5546
1084	5547
1535	5548
949	5549
344	5550
1	5551
4	5552
4	5553
1	5554
658	5555
1501	5556
993	5557
509	5558
191	5559
291	5560
638	5561
410	5562
1948	5563
203	5564
247	5565
1598	5566
2957	5567
12	5568
1925	5569
209	5570
82	5571
558	5572
1416	5573
259	5574
163	5575
49	5576
317	5577
197	5578
537	5579
564	5580
2702	5581
1878	5582
551	5583
174	5584
191	5585
407	5586
341	5587
2729	5588
676	5589
19	5590
5	5591
988	5592
828	5593
949	5594
292	5595
1320	5596
331	5597
221	5598
289	5599
663	5600
2394	5601
803	5602
778	5603
511	5604
1505	5605
1191	5606
2562	5607
2613	5608
1417	5609
735	5610
458	5611
2705	5612
506	5613
610	5614
94	5615
2312	5616
1761	5617
8	5618
1	5619
137	5620
311	5621
479	5622
721	5623
288	5624
187	5625
2951	5626
1242	5627
3012	5628
116	5629
560	5630
2999	5631
783	5632
1198	5633
479	5634
1707	5635
45	5636
81	5637
335	5638
165	5639
1213	5640
1175	5641
558	5642
1383	5643
1514	5644
170	5645
2499	5646
11	5647
443	5648
933	5649
223	5650
275	5651
973	5652
1514	5653
225	5654
446	5655
606	5656
25	5657
786	5658
1284	5659
700	5660
1777	5661
172	5662
369	5663
129	5664
2250	5665
8	5666
25	5667
46	5668
1696	5669
2373	5670
108	5671
1	5672
1	5673
1	5674
946	5675
825	5676
451	5677
241	5678
3	5679
2	5680
77	5681
742	5682
866	5683
236	5684
316	5685
1235	5686
167	5687
387	5688
387	5689
66	5690
23	5691
13	5692
2	5693
478	5694
1757	5695
665	5696
1710	5697
2931	5698
6	5699
517	5700
2837	5701
1685	5702
718	5703
2768	5704
50	5705
675	5706
287	5707
25	5708
665	5709
565	5710
420	5711
172	5712
300	5713
242	5714
179	5715
65	5716
155	5717
2101	5718
210	5719
1433	5720
1684	5721
1845	5722
361	5723
56	5724
1853	5725
700	5726
581	5727
702	5728
271	5729
2067	5730
26	5731
2055	5732
593	5733
1636	5734
710	5735
134	5736
230	5737
2674	5738
546	5739
766	5740
650	5741
169	5742
8	5743
2	5744
64	5745
51	5746
1298	5747
957	5748
747	5749
204	5750
1162	5751
1762	5752
1117	5753
1122	5754
428	5755
512	5756
1695	5757
329	5758
2632	5759
429	5760
222	5761
951	5762
1557	5763
41	5764
107	5765
1920	5766
74	5767
455	5768
85	5769
1447	5770
1120	5771
471	5772
1553	5773
895	5774
38	5775
1	5776
642	5777
386	5778
1784	5779
2720	5780
88	5781
269	5782
22	5783
73	5784
14	5785
143	5786
17	5787
298	5788
30	5789
226	5790
330	5791
64	5792
2631	5793
600	5794
1846	5795
1531	5796
1513	5797
2792	5798
328	5799
39	5800
776	5801
643	5802
1454	5803
47	5804
45	5805
34	5806
1730	5807
994	5808
1610	5809
33	5810
744	5811
319	5812
394	5813
258	5814
250	5815
815	5816
1692	5817
2560	5818
1284	5819
702	5820
273	5821
474	5822
602	5823
2075	5824
536	5825
253	5826
18	5827
1136	5828
2069	5829
1023	5830
29	5831
1321	5832
329	5833
390	5834
39	5835
39	5836
1399	5837
313	5838
190	5839
957	5840
2451	5841
195	5842
33	5843
192	5844
106	5845
557	5846
42	5847
375	5848
1522	5849
322	5850
1158	5851
294	5852
499	5853
646	5854
646	5855
243	5856
49	5857
85	5858
1	5859
2610	5860
70	5861
45	5862
184	5863
1328	5864
372	5865
634	5866
142	5867
2545	5868
369	5869
392	5870
40	5871
540	5872
2145	5873
2623	5874
1737	5875
790	5876
282	5877
630	5878
303	5879
2063	5880
607	5881
2991	5882
259	5883
259	5884
493	5885
533	5886
1075	5887
13	5888
98	5889
1723	5890
207	5891
553	5892
261	5893
380	5894
760	5895
760	5896
760	5897
1382	5898
1859	5899
1057	5900
2416	5901
105	5902
21	5903
2289	5904
130	5905
1035	5906
511	5907
665	5908
1210	5909
830	5910
1509	5911
369	5912
793	5913
1286	5914
880	5915
1523	5916
130	5917
513	5918
302	5919
738	5920
1102	5921
847	5922
782	5923
746	5924
773	5925
3045	5926
289	5927
644	5928
525	5929
51	5930
11	5931
47	5932
268	5933
121	5934
218	5935
122	5936
257	5937
50	5938
109	5939
1	5940
455	5941
2838	5942
778	5943
1752	5944
1318	5945
1	5946
1	5947
191	5948
170	5949
100	5950
189	5951
3026	5952
917	5953
77	5954
95	5955
108	5956
265	5957
890	5958
1215	5959
1808	5960
2295	5961
66	5962
1379	5963
89	5964
124	5965
919	5966
458	5967
1780	5968
255	5969
455	5970
6	5971
1358	5972
348	5973
109	5974
59	5975
6	5976
444	5977
442	5978
208	5979
699	5980
63	5981
2017	5982
265	5983
956	5984
123	5985
270	5986
7	5987
435	5988
37	5989
447	5990
214	5991
268	5992
87	5993
140	5994
50	5995
301	5996
337	5997
136	5998
92	5999
58	6000
220	6001
121	6002
2599	6003
222	6004
1721	6005
1758	6006
8	6007
51	6008
60	6009
2185	6010
364	6011
311	6012
1841	6013
12	6014
800	6015
1043	6016
720	6017
377	6018
327	6019
565	6020
1100	6021
1834	6022
824	6023
172	6024
891	6025
123	6026
1776	6027
47	6028
182	6029
1077	6030
548	6031
1058	6032
1202	6033
351	6034
151	6035
338	6036
449	6037
1335	6038
1545	6039
101	6040
292	6041
1368	6042
349	6043
1357	6044
1884	6045
1099	6046
1099	6047
2448	6048
1367	6049
1715	6050
1556	6051
214	6052
264	6053
44	6054
73	6055
77	6056
51	6057
230	6058
1857	6059
1046	6060
708	6061
640	6062
361	6063
960	6064
745	6065
540	6066
102	6067
1091	6068
1325	6069
12	6070
26	6071
327	6072
409	6073
254	6074
225	6075
702	6076
433	6077
466	6078
679	6079
9	6080
1666	6081
1150	6082
1543	6083
519	6084
1	6085
82	6086
82	6087
1180	6088
82	6089
82	6090
168	6091
1894	6092
688	6093
177	6094
84	6095
2587	6096
1042	6097
162	6098
829	6099
581	6100
2134	6101
135	6102
1	6103
135	6104
1411	6105
901	6106
696	6107
140	6108
1446	6109
809	6110
401	6111
651	6112
1672	6113
542	6114
1145	6115
1679	6116
1787	6117
575	6118
1420	6119
1555	6120
303	6121
1561	6122
1543	6123
519	6124
1175	6125
798	6126
212	6127
720	6128
1	6129
232	6130
75	6131
154	6132
2497	6133
523	6134
523	6135
1	6136
1019	6137
16	6138
2207	6139
800	6140
96	6141
900	6142
1929	6143
3040	6144
3066	6145
936	6146
1385	6147
604	6148
679	6149
487	6150
834	6151
1355	6152
1056	6153
188	6154
690	6155
2385	6156
97	6157
516	6158
1529	6159
970	6160
2190	6161
2286	6162
589	6163
64	6164
757	6165
1080	6166
99	6167
149	6168
830	6169
199	6170
408	6171
317	6172
3000	6173
422	6174
1	6175
1	6176
2997	6177
149	6178
133	6179
571	6180
1056	6181
1184	6182
203	6183
203	6184
1009	6185
832	6186
549	6187
470	6188
385	6189
1053	6190
169	6191
287	6192
819	6193
126	6194
753	6195
295	6196
556	6197
263	6198
1	6199
382	6200
894	6201
395	6202
1724	6203
1235	6204
519	6205
707	6206
984	6207
563	6208
128	6209
1578	6210
305	6211
1233	6212
554	6213
1224	6214
423	6215
1166	6216
777	6217
406	6218
574	6219
95	6220
1669	6221
516	6222
1884	6223
1219	6224
961	6225
1048	6226
673	6227
488	6228
202	6229
615	6230
103	6231
566	6232
1099	6233
135	6234
1868	6235
767	6236
920	6237
2955	6238
694	6239
1515	6240
1647	6241
623	6242
350	6243
2547	6244
1135	6245
407	6246
1830	6247
416	6248
1234	6249
166	6250
138	6251
1	6252
513	6253
704	6254
154	6255
3052	6256
166	6257
1181	6258
1509	6259
793	6260
2409	6261
1272	6262
727	6263
22	6264
788	6265
1557	6266
327	6267
314	6268
759	6269
1	6270
765	6271
99	6272
65	6273
210	6274
1142	6275
2678	6276
802	6277
1896	6278
379	6279
4	6280
426	6281
1	6282
1528	6283
1512	6284
302	6285
387	6286
393	6287
64	6288
831	6289
1160	6290
481	6291
1810	6292
1349	6293
317	6294
528	6295
239	6296
989	6297
845	6298
845	6299
154	6300
154	6301
1267	6302
551	6303
1064	6304
3008	6305
2301	6306
208	6307
219	6308
24	6309
214	6310
5	6311
73	6312
121	6313
220	6314
1589	6315
2735	6316
15	6317
2956	6318
247	6319
1019	6320
1119	6321
941	6322
924	6323
2505	6324
80	6325
1577	6326
719	6327
65	6328
452	6329
1159	6330
575	6331
2068	6332
296	6333
1393	6334
87	6335
723	6336
307	6337
89	6338
943	6339
2387	6340
1004	6341
1139	6342
100	6343
503	6344
1602	6345
915	6346
3046	6347
310	6348
12	6349
1228	6350
75	6351
610	6352
267	6353
1487	6354
311	6355
1296	6356
82	6357
509	6358
1702	6359
1272	6360
2607	6361
9	6362
60	6363
303	6364
37	6365
1667	6366
1791	6367
638	6368
1558	6369
56	6370
110	6371
367	6372
646	6373
1049	6374
1682	6375
916	6376
838	6377
291	6378
1370	6379
1307	6380
77	6381
427	6382
1364	6383
663	6384
1731	6385
193	6386
988	6387
53	6388
1426	6389
2384	6390
200	6391
1094	6392
486	6393
1599	6394
1237	6395
846	6396
328	6397
2539	6398
1192	6399
1203	6400
2260	6401
921	6402
1668	6403
1566	6404
351	6405
2435	6406
2894	6407
2348	6408
149	6409
950	6410
1175	6411
1131	6412
190	6413
507	6414
1079	6415
10	6416
112	6417
91	6418
3	6419
160	6420
366	6421
133	6422
222	6423
1506	6424
1	6425
1579	6426
1481	6427
522	6428
3047	6429
74	6430
1226	6431
25	6432
6	6433
1	6434
2137	6435
617	6436
875	6437
608	6438
215	6439
497	6440
1148	6441
1107	6442
123	6443
3	6444
1	6445
2191	6446
123	6447
936	6448
485	6449
405	6450
1	6451
599	6452
69	6453
41	6454
536	6455
543	6456
2230	6457
4	6458
1732	6459
1047	6460
48	6461
1044	6462
1755	6463
292	6464
2268	6465
3058	6466
632	6467
632	6468
31	6469
474	6470
343	6471
1142	6472
193	6473
283	6474
125	6475
287	6476
528	6477
1015	6478
1186	6479
21	6480
28	6481
997	6482
819	6483
295	6484
800	6485
161	6486
422	6487
32	6488
1008	6489
115	6490
527	6491
597	6492
2568	6493
2617	6494
677	6495
651	6496
896	6497
283	6498
167	6499
133	6500
714	6501
810	6502
2379	6503
1685	6504
1125	6505
1136	6506
1711	6507
547	6508
1734	6509
718	6510
1794	6511
1801	6512
59	6513
1713	6514
462	6515
990	6516
58	6517
102	6518
1936	6519
1256	6520
488	6521
512	6522
49	6523
23	6524
1745	6525
78	6526
597	6527
253	6528
213	6529
251	6530
559	6531
2611	6532
163	6533
325	6534
635	6535
382	6536
356	6537
561	6538
1129	6539
772	6540
160	6541
652	6542
1425	6543
18	6544
86	6545
213	6546
240	6547
137	6548
215	6549
1725	6550
1089	6551
444	6552
1432	6553
2546	6554
916	6555
2234	6556
239	6557
1211	6558
715	6559
2418	6560
227	6561
80	6562
1374	6563
932	6564
1140	6565
735	6566
11	6567
2325	6568
562	6569
1201	6570
803	6571
828	6572
1288	6573
674	6574
1288	6575
827	6576
827	6577
975	6578
109	6579
1273	6580
781	6581
999	6582
3	6583
505	6584
1041	6585
20	6586
1126	6587
50	6588
504	6589
13	6590
940	6591
459	6592
105	6593
380	6594
2174	6595
777	6596
1579	6597
1938	6598
250	6599
759	6600
2390	6601
359	6602
1167	6603
1143	6604
1577	6605
981	6606
483	6607
1208	6608
2974	6609
1785	6610
518	6611
461	6612
1788	6613
1778	6614
1897	6615
212	6616
2469	6617
2975	6618
83	6619
1810	6620
384	6621
740	6622
1842	6623
549	6624
496	6625
712	6626
1826	6627
1053	6628
1146	6629
2464	6630
555	6631
2633	6632
500	6633
781	6634
403	6635
3074	6636
655	6637
1185	6638
1542	6639
632	6640
2992	6641
753	6642
470	6643
1149	6644
1728	6645
1190	6646
834	6647
493	6648
1573	6649
1082	6650
1808	6651
1595	6652
1193	6653
2667	6654
810	6655
2680	6656
1171	6657
3034	6658
1501	6659
138	6660
1438	6661
1221	6662
977	6663
1568	6664
196	6665
296	6666
211	6667
794	6668
835	6669
313	6670
97	6671
1642	6672
239	6673
1067	6674
127	6675
1516	6676
1633	6677
1472	6678
1106	6679
1500	6680
68	6681
231	6682
32	6683
161	6684
293	6685
2645	6686
448	6687
452	6688
700	6689
241	6690
156	6691
1224	6692
598	6693
61	6694
219	6695
117	6696
333	6697
1915	6698
264	6699
100	6700
123	6701
6	6702
22	6703
8	6704
1589	6705
21	6706
1063	6707
1063	6708
196	6709
251	6710
213	6711
103	6712
319	6713
1862	6714
1697	6715
27	6716
137	6717
904	6718
196	6719
222	6720
868	6721
577	6722
577	6723
26	6724
888	6725
3007	6726
499	6727
348	6728
290	6729
2634	6730
3041	6731
1590	6732
2	6733
432	6734
40	6735
178	6736
1233	6737
1763	6738
1150	6739
147	6740
57	6741
2904	6742
1760	6743
2883	6744
2896	6745
676	6746
1727	6747
64	6748
768	6749
3	6750
26	6751
23	6752
3	6753
589	6754
501	6755
1110	6756
187	6757
1	6758
263	6759
261	6760
151	6761
3	6762
1	6763
49	6764
120	6765
2538	6766
15	6767
1	6768
2	6769
58	6770
468	6771
763	6772
1950	6773
1	6774
137	6775
1939	6776
2156	6777
328	6778
328	6779
2408	6780
1	6781
2738	6782
2934	6783
356	6784
306	6785
1133	6786
728	6787
3038	6788
1940	6789
1851	6790
2831	6791
614	6792
2491	6793
1013	6794
136	6795
731	6796
115	6797
1002	6798
763	6799
49	6800
194	6801
411	6802
602	6803
153	6804
1200	6805
323	6806
1941	6807
748	6808
12	6809
1559	6810
2473	6811
1574	6812
1899	6813
136	6814
444	6815
9	6816
12	6817
2	6818
35	6819
204	6820
1196	6821
1118	6822
1314	6823
95	6824
226	6825
185	6826
180	6827
1025	6828
30	6829
47	6830
497	6831
341	6832
601	6833
569	6834
164	6835
442	6836
66	6837
147	6838
29	6839
111	6840
111	6841
379	6842
641	6843
98	6844
98	6845
444	6846
224	6847
112	6848
88	6849
431	6850
63	6851
102	6852
102	6853
81	6854
343	6855
343	6856
343	6857
363	6858
76	6859
124	6860
363	6861
1258	6862
75	6863
75	6864
222	6865
313	6866
313	6867
18	6868
2979	6869
649	6870
532	6871
1026	6872
590	6873
848	6874
1697	6875
902	6876
77	6877
2639	6878
504	6879
78	6880
43	6881
351	6882
548	6883
253	6884
706	6885
324	6886
659	6887
455	6888
99	6889
822	6890
1350	6891
358	6892
448	6893
656	6894
367	6895
2809	6896
1867	6897
308	6898
2577	6899
175	6900
315	6901
41	6902
197	6903
250	6904
1124	6905
554	6906
260	6907
1294	6908
371	6909
505	6910
195	6911
1170	6912
88	6913
47	6914
8	6915
1942	6916
299	6917
53	6918
71	6919
272	6920
36	6921
87	6922
101	6923
268	6924
62	6925
101	6926
299	6927
225	6928
249	6929
114	6930
594	6931
181	6932
631	6933
98	6934
2944	6935
510	6936
1132	6937
696	6938
320	6939
550	6940
1595	6941
1	6942
581	6943
959	6944
416	6945
74	6946
385	6947
32	6948
6	6949
153	6950
200	6951
110	6952
1645	6953
941	6954
1491	6955
2564	6956
384	6957
158	6958
1149	6959
2465	6960
2438	6961
482	6962
79	6963
2456	6964
333	6965
2282	6966
31	6967
710	6968
602	6969
364	6970
253	6971
116	6972
1663	6973
2588	6974
352	6975
1670	6976
403	6977
419	6978
2581	6979
167	6980
394	6981
738	6982
458	6983
1662	6984
1892	6985
209	6986
958	6987
922	6988
31	6989
1670	6990
387	6991
41	6992
285	6993
2666	6994
691	6995
100	6996
4	6997
1686	6998
2886	6999
1014	7000
1106	7001
677	7002
493	7003
2500	7004
108	7005
108	7006
1363	7007
2477	7008
1395	7009
500	7010
241	7011
1450	7012
266	7013
957	7014
1741	7015
1078	7016
1415	7017
3043	7018
356	7019
1442	7020
1075	7021
604	7022
2984	7023
523	7024
2502	7025
154	7026
129	7027
1521	7028
703	7029
185	7030
73	7031
254	7032
159	7033
40	7034
948	7035
375	7036
313	7037
1169	7038
412	7039
1740	7040
383	7041
31	7042
1162	7043
99	7044
384	7045
135	7046
1160	7047
1215	7048
1094	7049
1822	7050
1878	7051
316	7052
1138	7053
404	7054
419	7055
127	7056
688	7057
1443	7058
1790	7059
281	7060
529	7061
382	7062
1644	7063
3027	7064
2361	7065
82	7066
1133	7067
491	7068
157	7069
1814	7070
1518	7071
127	7072
1736	7073
1395	7074
450	7075
1626	7076
1594	7077
559	7078
784	7079
177	7080
246	7081
686	7082
3083	7083
2262	7084
697	7085
524	7086
80	7087
22	7088
324	7089
806	7090
1621	7091
953	7092
2437	7093
804	7094
1944	7095
903	7096
1792	7097
424	7098
1007	7099
1850	7100
628	7101
1583	7102
1583	7103
255	7104
552	7105
1719	7106
1719	7107
622	7108
130	7109
27	7110
830	7111
4	7112
1327	7113
1139	7114
257	7115
627	7116
95	7117
1570	7118
274	7119
1732	7120
281	7121
67	7122
1363	7123
97	7124
1049	7125
1182	7126
1506	7127
1022	7128
642	7129
1581	7130
100	7131
10	7132
1354	7133
1287	7134
228	7135
525	7136
228	7137
228	7138
1040	7139
228	7140
855	7141
786	7142
741	7143
64	7144
691	7145
3	7146
1017	7147
64	7148
1055	7149
812	7150
1873	7151
339	7152
640	7153
3	7154
168	7155
190	7156
80	7157
1530	7158
668	7159
2786	7160
2785	7161
1634	7162
467	7163
307	7164
137	7165
1483	7166
2769	7167
197	7168
32	7169
282	7170
97	7171
476	7172
808	7173
1839	7174
84	7175
2789	7176
64	7177
354	7178
139	7179
2365	7180
1	7181
49	7182
1792	7183
742	7184
32	7185
52	7186
263	7187
240	7188
135	7189
2	7190
315	7191
528	7192
2	7193
46	7194
1180	7195
2695	7196
1259	7197
80	7198
1383	7199
2266	7200
1864	7201
66	7202
982	7203
2229	7204
11	7205
2715	7206
1394	7207
464	7208
1580	7209
1225	7210
23	7211
187	7212
686	7213
497	7214
2184	7215
3	7216
193	7217
2341	7218
278	7219
955	7220
528	7221
19	7222
308	7223
49	7224
155	7225
2919	7226
55	7227
152	7228
565	7229
19	7230
2689	7231
589	7232
1890	7233
382	7234
1970	7235
1448	7236
774	7237
1520	7238
1796	7239
713	7240
1656	7241
201	7242
233	7243
1885	7244
784	7245
1693	7246
805	7247
2801	7248
1875	7249
2933	7250
1167	7251
22	7252
2615	7253
1609	7254
28	7255
10	7256
122	7257
14	7258
60	7259
66	7260
332	7261
38	7262
1115	7263
475	7264
18	7265
179	7266
1538	7267
1450	7268
1538	7269
162	7270
713	7271
148	7272
1659	7273
4	7274
2	7275
190	7276
820	7277
155	7278
113	7279
828	7280
1406	7281
1	7282
350	7283
1003	7284
1211	7285
322	7286
892	7287
1098	7288
419	7289
493	7290
285	7291
128	7292
19	7293
238	7294
1012	7295
376	7296
292	7297
132	7298
1504	7299
41	7300
891	7301
628	7302
1219	7303
1202	7304
1252	7305
703	7306
322	7307
1541	7308
1484	7309
1251	7310
913	7311
208	7312
303	7313
827	7314
622	7315
747	7316
77	7317
2548	7318
809	7319
666	7320
1572	7321
517	7322
42	7323
1615	7324
38	7325
575	7326
182	7327
45	7328
353	7329
342	7330
1144	7331
324	7332
217	7333
124	7334
477	7335
477	7336
121	7337
5	7338
161	7339
938	7340
15	7341
643	7342
113	7343
726	7344
954	7345
954	7346
907	7347
52	7348
2028	7349
1639	7350
1473	7351
24	7352
499	7353
446	7354
136	7355
361	7356
6	7357
6	7358
1164	7359
1118	7360
603	7361
2457	7362
2661	7363
2622	7364
2600	7365
236	7366
48	7367
2475	7368
1007	7369
1007	7370
2450	7371
97	7372
761	7373
377	7374
248	7375
1537	7376
486	7377
2458	7378
591	7379
1	7380
1322	7381
1322	7382
173	7383
300	7384
1779	7385
4	7386
361	7387
5	7388
9	7389
1264	7390
522	7391
682	7392
1384	7393
971	7394
69	7395
135	7396
667	7397
2401	7398
163	7399
390	7400
83	7401
1	7402
625	7403
1017	7404
1001	7405
286	7406
2318	7407
728	7408
19	7409
2154	7410
138	7411
1	7412
242	7413
253	7414
2169	7415
970	7416
275	7417
789	7418
203	7419
99	7420
529	7421
260	7422
28	7423
124	7424
1848	7425
2296	7426
53	7427
50	7428
1404	7429
547	7430
247	7431
2168	7432
617	7433
711	7434
1289	7435
556	7436
587	7437
539	7438
209	7439
2660	7440
427	7441
22	7442
34	7443
276	7444
531	7445
2320	7446
122	7447
189	7448
2558	7449
671	7450
2	7451
310	7452
1660	7453
1141	7454
1507	7455
1635	7456
1635	7457
132	7458
946	7459
2180	7460
2349	7461
124	7462
847	7463
714	7464
847	7465
655	7466
170	7467
646	7468
113	7469
1618	7470
450	7471
6	7472
52	7473
2797	7474
1257	7475
1611	7476
133	7477
1205	7478
23	7479
1	7480
551	7481
307	7482
17	7483
39	7484
927	7485
1687	7486
601	7487
538	7488
2436	7489
2113	7490
2419	7491
266	7492
1651	7493
2962	7494
1798	7495
1625	7496
139	7497
462	7498
336	7499
725	7500
70	7501
1867	7502
2566	7503
116	7504
1000	7505
153	7506
1500	7507
1123	7508
21	7509
2	7510
18	7511
1070	7512
70	7513
1921	7514
662	7515
1275	7516
742	7517
527	7518
746	7519
1510	7520
985	7521
1257	7522
161	7523
138	7524
741	7525
1468	7526
1314	7527
80	7528
148	7529
891	7530
530	7531
867	7532
928	7533
1339	7534
839	7535
604	7536
775	7537
26	7538
166	7539
166	7540
236	7541
166	7542
1	7543
401	7544
166	7545
610	7546
2519	7547
2509	7548
57	7549
463	7550
2072	7551
1828	7552
279	7553
1688	7554
78	7555
879	7556
1028	7557
94	7558
650	7559
2795	7560
1443	7561
1200	7562
2821	7563
2511	7564
1277	7565
1241	7566
11	7567
11	7568
11	7569
18	7570
314	7571
2310	7572
236	7573
30	7574
2961	7575
541	7576
541	7577
23	7578
771	7579
125	7580
1	7581
1771	7582
3056	7583
2199	7584
5	7585
970	7586
1641	7587
256	7588
381	7589
1295	7590
1818	7591
661	7592
1608	7593
571	7594
71	7595
256	7596
32	7597
706	7598
929	7599
478	7600
923	7601
2090	7602
52	7603
2609	7604
1	7605
2041	7606
1616	7607
467	7608
1022	7609
647	7610
1100	7611
2428	7612
1671	7613
1650	7614
418	7615
1768	7616
3048	7617
2163	7618
1701	7619
99	7620
612	7621
1366	7622
799	7623
422	7624
886	7625
2559	7626
2201	7627
878	7628
2299	7629
892	7630
2739	7631
73	7632
862	7633
953	7634
1181	7635
1413	7636
51	7637
220	7638
160	7639
160	7640
1374	7641
195	7642
1017	7643
1120	7644
189	7645
189	7646
1	7647
6	7648
141	7649
502	7650
582	7651
325	7652
113	7653
8	7654
1338	7655
2741	7656
622	7657
2309	7658
10	7659
268	7660
1254	7661
124	7662
2403	7663
1603	7664
2313	7665
1054	7666
1435	7667
324	7668
211	7669
768	7670
1200	7671
168	7672
826	7673
844	7674
980	7675
736	7676
416	7677
375	7678
80	7679
1014	7680
192	7681
20	7682
2498	7683
339	7684
776	7685
1165	7686
32	7687
479	7688
459	7689
18	7690
251	7691
363	7692
142	7693
181	7694
1	7695
269	7696
816	7697
794	7698
139	7699
618	7700
482	7701
2515	7702
534	7703
1714	7704
760	7705
747	7706
1553	7707
570	7708
597	7709
331	7710
649	7711
15	7712
286	7713
1	7714
229	7715
727	7716
488	7717
681	7718
133	7719
133	7720
1106	7721
470	7722
79	7723
834	7724
1643	7725
490	7726
55	7727
562	7728
55	7729
233	7730
675	7731
215	7732
653	7733
250	7734
202	7735
1066	7736
507	7737
448	7738
174	7739
174	7740
174	7741
149	7742
356	7743
153	7744
833	7745
161	7746
153	7747
241	7748
1345	7749
738	7750
211	7751
211	7752
79	7753
302	7754
157	7755
709	7756
812	7757
135	7758
1512	7759
138	7760
127	7761
79	7762
302	7763
129	7764
157	7765
127	7766
1098	7767
127	7768
407	7769
231	7770
1010	7771
407	7772
508	7773
668	7774
231	7775
231	7776
1496	7777
490	7778
105	7779
480	7780
1546	7781
745	7782
745	7783
745	7784
2302	7785
1802	7786
2754	7787
49	7788
1643	7789
2540	7790
37	7791
600	7792
200	7793
898	7794
104	7795
170	7796
246	7797
1032	7798
44	7799
14	7800
30	7801
186	7802
499	7803
245	7804
1345	7805
118	7806
334	7807
7	7808
205	7809
442	7810
368	7811
69	7812
475	7813
699	7814
956	7815
2046	7816
50	7817
252	7818
272	7819
71	7820
90	7821
36	7822
357	7823
2929	7824
693	7825
63	7826
21	7827
814	7828
113	7829
883	7830
30	7831
1869	7832
1308	7833
764	7834
460	7835
422	7836
3010	7837
1355	7838
1698	7839
19	7840
378	7841
831	7842
775	7843
2483	7844
383	7845
656	7846
1527	7847
1564	7848
419	7849
1609	7850
378	7851
306	7852
585	7853
19	7854
305	7855
1220	7856
148	7857
19	7858
305	7859
1	7860
648	7861
84	7862
1	7863
1353	7864
1	7865
2	7866
4	7867
831	7868
1539	7869
678	7870
676	7871
762	7872
64	7873
304	7874
795	7875
706	7876
188	7877
2523	7878
8	7879
78	7880
773	7881
193	7882
923	7883
21	7884
445	7885
445	7886
79	7887
485	7888
521	7889
2928	7890
104	7891
1068	7892
1068	7893
371	7894
601	7895
2743	7896
704	7897
605	7898
346	7899
58	7900
2200	7901
37	7902
160	7903
256	7904
8	7905
849	7906
31	7907
587	7908
531	7909
861	7910
637	7911
143	7912
96	7913
140	7914
502	7915
2527	7916
298	7917
216	7918
25	7919
340	7920
145	7921
91	7922
10	7923
60	7924
96	7925
245	7926
338	7927
1280	7928
119	7929
1917	7930
120	7931
48	7932
872	7933
1293	7934
334	7935
944	7936
1304	7937
1319	7938
30	7939
77	7940
9	7941
50	7942
237	7943
25	7944
234	7945
1437	7946
53	7947
10	7948
214	7949
13	7950
71	7951
118	7952
1293	7953
35	7954
40	7955
869	7956
96	7957
159	7958
944	7959
24	7960
47	7961
453	7962
1032	7963
131	7964
10	7965
134	7966
592	7967
639	7968
119	7969
502	7970
245	7971
857	7972
466	7973
1430	7974
1431	7975
25	7976
78	7977
145	7978
47	7979
91	7980
30	7981
10	7982
216	7983
251	7984
61	7985
1301	7986
58	7987
453	7988
1299	7989
51	7990
8	7991
184	7992
182	7993
44	7994
274	7995
1428	7996
1434	7997
857	7998
47	7999
1377	8000
922	8001
1689	8002
267	8003
251	8004
1067	8005
118	8006
439	8007
218	8008
102	8009
586	8010
723	8011
2290	8012
71	8013
357	8014
90	8015
53	8016
723	8017
37	8018
10	8019
118	8020
680	8021
2043	8022
271	8023
205	8024
9	8025
33	8026
2745	8027
833	8028
2744	8029
2036	8030
1274	8031
2189	8032
8	8033
1738	8034
2455	8035
197	8036
16	8037
1673	8038
981	8039
553	8040
16	8041
16	8042
190	8043
175	8044
614	8045
98	8046
1390	8047
1346	8048
1346	8049
232	8050
8	8051
15	8052
685	8053
182	8054
861	8055
45	8056
2420	8057
161	8058
156	8059
177	8060
2166	8061
1898	8062
1849	8063
2106	8064
106	8065
45	8066
156	8067
3081	8068
1888	8069
599	8070
599	8071
1639	8072
1087	8073
2421	8074
2601	8075
2	8076
31	8077
396	8078
784	8079
1436	8080
8	8081
252	8082
299	8083
7	8084
352	8085
145	8086
2442	8087
2334	8088
1519	8089
1010	8090
108	8091
743	8092
349	8093
1146	8094
2	8095
373	8096
373	8097
1881	8098
677	8099
261	8100
1828	8101
284	8102
681	8103
384	8104
832	8105
1728	8106
1880	8107
781	8108
485	8109
1179	8110
470	8111
284	8112
666	8113
2463	8114
1398	8115
1879	8116
2467	8117
2460	8118
1152	8119
157	8120
1389	8121
545	8122
1235	8123
1750	8124
1476	8125
241	8126
3042	8127
1011	8128
1527	8129
1193	8130
79	8131
1179	8132
1785	8133
2462	8134
130	8135
2861	8136
241	8137
780	8138
315	8139
1166	8140
310	8141
277	8142
277	8143
1155	8144
1622	8145
294	8146
2985	8147
1870	8148
838	8149
2747	8150
718	8151
1	8152
1227	8153
257	8154
470	8155
629	8156
1001	8157
424	8158
1403	8159
5	8160
303	8161
607	8162
66	8163
79	8164
430	8165
175	8166
2506	8167
324	8168
362	8169
468	8170
362	8171
1079	8172
27	8173
1420	8174
335	8175
27	8176
754	8177
27	8178
1648	8179
27	8180
35	8181
359	8182
359	8183
13	8184
1261	8185
1508	8186
1686	8187
392	8188
412	8189
88	8190
88	8191
88	8192
640	8193
570	8194
631	8195
475	8196
1877	8197
11	8198
30	8199
1158	8200
1274	8201
2441	8202
10	8203
1347	8204
1145	8205
1260	8206
188	8207
864	8208
306	8209
402	8210
67	8211
931	8212
3064	8213
1833	8214
911	8215
54	8216
1174	8217
2311	8218
2508	8219
477	8220
225	8221
18	8222
1835	8223
1170	8224
260	8225
80	8226
320	8227
2176	8228
1832	8229
762	8230
613	8231
177	8232
746	8233
8	8234
25	8235
478	8236
4	8237
4	8238
1195	8239
1192	8240
1833	8241
3	8242
3	8243
3	8244
3	8245
3	8246
3055	8247
1030	8248
744	8249
2129	8250
881	8251
1427	8252
881	8253
158	8254
1549	8255
2398	8256
2522	8257
426	8258
581	8259
1924	8260
567	8261
41	8262
291	8263
1278	8264
1494	8265
973	8266
1048	8267
153	8268
855	8269
2690	8270
823	8271
737	8272
990	8273
2009	8274
2179	8275
274	8276
274	8277
274	8278
1074	8279
2938	8280
870	8281
1951	8282
785	8283
188	8284
2367	8285
2774	8286
110	8287
1531	8288
489	8289
461	8290
653	8291
391	8292
60	8293
60	8294
60	8295
1164	8296
1690	8297
40	8298
40	8299
40	8300
568	8301
568	8302
62	8303
583	8304
21	8305
21	8306
494	8307
494	8308
2971	8309
965	8310
14	8311
14	8312
1952	8313
14	8314
14	8315
355	8316
623	8317
584	8318
584	8319
2982	8320
2256	8321
1586	8322
149	8323
12	8324
88	8325
266	8326
2107	8327
9	8328
1654	8329
517	8330
431	8331
120	8332
50	8333
37	8334
93	8335
61	8336
24	8337
94	8338
266	8339
266	8340
330	8341
87	8342
71	8343
245	8344
90	8345
30	8346
447	8347
5	8348
77	8349
370	8350
813	8351
548	8352
569	8353
155	8354
770	8355
183	8356
841	8357
828	8358
1326	8359
84	8360
926	8361
575	8362
237	8363
1071	8364
715	8365
1181	8366
778	8367
1087	8368
239	8369
2227	8370
468	8371
486	8372
201	8373
17	8374
810	8375
1	8376
9	8377
140	8378
331	8379
78	8380
11	8381
134	8382
22	8383
2	8384
188	8385
196	8386
322	8387
20	8388
174	8389
197	8390
1668	8391
23	8392
2932	8393
2625	8394
938	8395
1674	8396
1387	8397
1069	8398
2333	8399
740	8400
1018	8401
702	8402
129	8403
108	8404
161	8405
911	8406
11	8407
2898	8408
858	8409
1567	8410
1320	8411
232	8412
1882	8413
1010	8414
1125	8415
171	8416
324	8417
459	8418
1189	8419
325	8420
1440	8421
717	8422
769	8423
26	8424
91	8425
50	8426
36	8427
220	8428
219	8429
48	8430
62	8431
10	8432
17	8433
25	8434
51	8435
111	8436
93	8437
779	8438
779	8439
779	8440
491	8441
62	8442
92	8443
93	8444
37	8445
24	8446
67	8447
59	8448
59	8449
1064	8450
2	8451
7	8452
395	8453
1882	8454
1024	8455
2784	8456
816	8457
189	8458
375	8459
716	8460
398	8461
2330	8462
421	8463
645	8464
1352	8465
534	8466
1	8467
374	8468
2487	8469
1151	8470
611	8471
2293	8472
56	8473
576	8474
1801	8475
1497	8476
367	8477
908	8478
974	8479
1104	8480
2363	8481
933	8482
517	8483
583	8484
89	8485
1780	8486
704	8487
2359	8488
1110	8489
3072	8490
737	8491
16	8492
1949	8493
88	8494
112	8495
1080	8496
606	8497
339	8498
725	8499
666	8500
1325	8501
1471	8502
899	8503
2776	8504
570	8505
304	8506
1230	8507
54	8508
20	8509
1112	8510
614	8511
1444	8512
1444	8513
1246	8514
1303	8515
569	8516
42	8517
1279	8518
25	8519
1342	8520
822	8521
575	8522
84	8523
436	8524
2958	8525
806	8526
1706	8527
494	8528
494	8529
2750	8530
310	8531
2415	8532
726	8533
1078	8534
100	8535
1131	8536
920	8537
151	8538
6	8539
289	8540
1095	8541
175	8542
345	8543
1764	8544
1789	8545
1624	8546
640	8547
21	8548
524	8549
6	8550
1238	8551
1662	8552
6	8553
105	8554
300	8555
226	8556
508	8557
18	8558
464	8559
1505	8560
65	8561
110	8562
733	8563
2682	8564
1412	8565
1	8566
228	8567
986	8568
986	8569
247	8570
54	8571
21	8572
1213	8573
66	8574
700	8575
948	8576
635	8577
450	8578
64	8579
2202	8580
989	8581
2291	8582
582	8583
706	8584
1392	8585
670	8586
361	8587
1177	8588
603	8589
5	8590
474	8591
343	8592
1913	8593
1510	8594
159	8595
637	8596
218	8597
179	8598
1465	8599
20	8600
1262	8601
95	8602
116	8603
55	8604
694	8605
192	8606
479	8607
78	8608
717	8609
897	8610
2575	8611
42	8612
42	8613
42	8614
2704	8615
462	8616
145	8617
3036	8618
625	8619
20	8620
1163	8621
161	8622
1887	8623
209	8624
1563	8625
436	8626
1353	8627
1565	8628
84	8629
997	8630
997	8631
2733	8632
175	8633
695	8634
1498	8635
660	8636
1423	8637
6	8638
719	8639
420	8640
1016	8641
434	8642
650	8643
534	8644
425	8645
765	8646
405	8647
935	8648
866	8649
1826	8650
351	8651
27	8652
80	8653
882	8654
26	8655
2936	8656
19	8657
378	8658
1856	8659
258	8660
1673	8661
545	8662
1020	8663
578	8664
224	8665
751	8666
1638	8667
2351	8668
2414	8669
2703	8670
2342	8671
1027	8672
1485	8673
273	8674
273	8675
608	8676
2770	8677
1735	8678
2554	8679
41	8680
86	8681
2274	8682
943	8683
901	8684
379	8685
2516	8686
749	8687
2164	8688
162	8689
1630	8690
811	8691
1067	8692
2062	8693
6	8694
1956	8695
1313	8696
275	8697
118	8698
223	8699
2047	8700
78	8701
14	8702
2657	8703
1790	8704
612	8705
39	8706
34	8707
46	8708
35	8709
220	8710
1362	8711
168	8712
1287	8713
132	8714
246	8715
599	8716
1376	8717
397	8718
1201	8719
68	8720
241	8721
740	8722
75	8723
1894	8724
125	8725
177	8726
1218	8727
463	8728
233	8729
1360	8730
761	8731
15	8732
123	8733
2315	8734
89	8735
4	8736
4	8737
85	8738
40	8739
1122	8740
1070	8741
6	8742
6	8743
207	8744
855	8745
15	8746
991	8747
4	8748
207	8749
321	8750
848	8751
291	8752
126	8753
94	8754
738	8755
756	8756
1489	8757
2425	8758
846	8759
239	8760
197	8761
853	8762
1491	8763
1331	8764
1	8765
512	8766
972	8767
1600	8768
41	8769
619	8770
567	8771
80	8772
756	8773
567	8774
1715	8775
703	8776
148	8777
370	8778
366	8779
451	8780
341	8781
746	8782
998	8783
467	8784
510	8785
1270	8786
203	8787
22	8788
97	8789
202	8790
929	8791
55	8792
1340	8793
199	8794
282	8795
148	8796
1	8797
233	8798
14	8799
471	8800
107	8801
1221	8802
14	8803
782	8804
424	8805
1230	8806
22	8807
2810	8808
2582	8809
2305	8810
1214	8811
1356	8812
2693	8813
2550	8814
595	8815
2108	8816
132	8817
520	8818
2592	8819
389	8820
55	8821
167	8822
230	8823
633	8824
55	8825
977	8826
1018	8827
1212	8828
1378	8829
516	8830
345	8831
393	8832
45	8833
132	8834
2482	8835
816	8836
162	8837
788	8838
904	8839
2549	8840
1250	8841
474	8842
1797	8843
419	8844
394	8845
1562	8846
99	8847
75	8848
1598	8849
1861	8850
1704	8851
2153	8852
2126	8853
26	8854
228	8855
1825	8856
247	8857
300	8858
417	8859
2050	8860
389	8861
932	8862
1439	8863
945	8864
693	8865
38	8866
456	8867
554	8868
213	8869
716	8870
961	8871
146	8872
91	8873
655	8874
496	8875
480	8876
79	8877
172	8878
486	8879
147	8880
484	8881
1356	8882
1116	8883
37	8884
451	8885
1677	8886
67	8887
1038	8888
132	8889
2636	8890
43	8891
1575	8892
1800	8893
1456	8894
7	8895
147	8896
651	8897
65	8898
629	8899
114	8900
268	8901
2255	8902
59	8903
151	8904
945	8905
178	8906
2277	8907
3014	8908
1845	8909
2206	8910
1456	8911
1133	8912
1468	8913
370	8914
1068	8915
1317	8916
200	8917
2329	8918
1502	8919
43	8920
2171	8921
887	8922
842	8923
12	8924
657	8925
941	8926
1405	8927
5	8928
3	8929
331	8930
1018	8931
1615	8932
2495	8933
319	8934
367	8935
2800	8936
119	8937
165	8938
345	8939
2073	8940
189	8941
1336	8942
930	8943
376	8944
578	8945
1309	8946
43	8947
41	8948
15	8949
15	8950
602	8951
667	8952
110	8953
2378	8954
1680	8955
1030	8956
388	8957
687	8958
238	8959
1926	8960
1263	8961
2556	8962
2132	8963
906	8964
461	8965
348	8966
670	8967
29	8968
28	8969
4	8970
213	8971
244	8972
1052	8973
1676	8974
926	8975
2452	8976
86	8977
127	8978
50	8979
919	8980
2192	8981
849	8982
3037	8983
1185	8984
157	8985
157	8986
88	8987
210	8988
696	8989
2331	8990
796	8991
796	8992
1201	8993
277	8994
796	8995
401	8996
1862	8997
1829	8998
527	8999
822	9000
2308	9001
115	9002
1216	9003
49	9004
391	9005
483	9006
546	9007
255	9008
178	9009
367	9010
484	9011
1883	9012
1206	9013
1532	9014
1394	9015
1203	9016
16	9017
1669	9018
3	9019
461	9020
1047	9021
804	9022
397	9023
733	9024
209	9025
1166	9026
152	9027
565	9028
16	9029
26	9030
190	9031
854	9032
2071	9033
205	9034
2381	9035
347	9036
605	9037
1277	9038
172	9039
1426	9040
329	9041
1071	9042
871	9043
605	9044
1739	9045
1591	9046
849	9047
1795	9048
291	9049
1154	9050
1341	9051
439	9052
208	9053
186	9054
5	9055
11	9056
672	9057
1003	9058
84	9059
65	9060
1	9061
275	9062
1123	9063
40	9064
305	9065
476	9066
313	9067
612	9068
1441	9069
304	9070
423	9071
2085	9072
262	9073
532	9074
747	9075
425	9076
564	9077
306	9078
688	9079
240	9080
688	9081
83	9082
262	9083
83	9084
104	9085
1657	9086
1002	9087
2112	9088
552	9089
74	9090
306	9091
1377	9092
473	9093
1779	9094
1057	9095
1	9096
13	9097
3	9098
243	9099
211	9100
5	9101
87	9102
176	9103
353	9104
1888	9105
592	9106
1613	9107
318	9108
1405	9109
609	9110
1493	9111
40	9112
3	9113
29	9114
544	9115
164	9116
101	9117
159	9118
101	9119
179	9120
260	9121
4	9122
1059	9123
691	9124
1653	9125
291	9126
115	9127
130	9128
375	9129
293	9130
158	9131
1	9132
401	9133
1038	9134
1843	9135
33	9136
480	9137
1815	9138
430	9139
598	9140
133	9141
553	9142
1765	9143
430	9144
46	9145
884	9146
329	9147
156	9148
238	9149
803	9150
13	9151
19	9152
2	9153
2446	9154
3	9155
258	9156
1031	9157
171	9158
171	9159
1754	9160
573	9161
523	9162
1158	9163
18	9164
63	9165
248	9166
2093	9167
574	9168
16	9169
207	9170
527	9171
198	9172
13	9173
2198	9174
2764	9175
598	9176
57	9177
1781	9178
1332	9179
912	9180
925	9181
149	9182
414	9183
844	9184
399	9185
398	9186
2521	9187
645	9188
645	9189
2501	9190
1612	9191
2327	9192
1210	9193
315	9194
1536	9195
2158	9196
1147	9197
81	9198
1343	9199
962	9200
1073	9201
1159	9202
1066	9203
23	9204
13	9205
641	9206
543	9207
543	9208
145	9209
145	9210
145	9211
1469	9212
211	9213
792	9214
1231	9215
104	9216
1763	9217
1109	9218
2225	9219
83	9220
18	9221
263	9222
2478	9223
2479	9224
829	9225
802	9226
1291	9227
843	9228
399	9229
63	9230
27	9231
65	9232
3	9233
3	9234
940	9235
104	9236
14	9237
396	9238
5	9239
7	9240
306	9241
2369	9242
491	9243
295	9244
2650	9245
1081	9246
358	9247
2879	9248
1386	9249
1254	9250
825	9251
95	9252
49	9253
234	9254
234	9255
3	9256
1182	9257
1183	9258
3	9259
319	9260
238	9261
223	9262
1153	9263
752	9264
186	9265
185	9266
851	9267
344	9268
3	9269
101	9270
187	9271
198	9272
1086	9273
193	9274
812	9275
83	9276
1165	9277
115	9278
686	9279
1	9280
1781	9281
807	9282
54	9283
748	9284
150	9285
112	9286
4	9287
132	9288
576	9289
1782	9290
1526	9291
1566	9292
6	9293
95	9294
559	9295
2306	9296
1409	9297
2279	9298
78	9299
13	9300
13	9301
8	9302
30	9303
249	9304
47	9305
9	9306
429	9307
1957	9308
987	9309
934	9310
664	9311
409	9312
817	9313
2567	9314
2345	9315
1853	9316
1309	9317
164	9318
286	9319
2411	9320
2356	9321
651	9322
42	9323
530	9324
915	9325
507	9326
290	9327
273	9328
2136	9329
1372	9330
406	9331
1683	9332
242	9333
425	9334
2	9335
2215	9336
570	9337
427	9338
427	9339
427	9340
1958	9341
1488	9342
2662	9343
386	9344
2343	9345
698	9346
283	9347
1460	9348
4	9349
1628	9350
705	9351
1191	9352
1310	9353
1310	9354
65	9355
2790	9356
1606	9357
3016	9358
191	9359
148	9360
451	9361
769	9362
1707	9363
2273	9364
759	9365
1708	9366
1621	9367
285	9368
1753	9369
1039	9370
86	9371
535	9372
1777	9373
1959	9374
1315	9375
85	9376
695	9377
365	9378
625	9379
913	9380
355	9381
365	9382
1650	9383
2048	9384
151	9385
469	9386
2948	9387
1484	9388
1587	9389
340	9390
2440	9391
1429	9392
1499	9393
656	9394
1870	9395
1206	9396
1223	9397
218	9398
36	9399
224	9400
71	9401
88	9402
8	9403
1493	9404
2947	9405
1250	9406
150	9407
279	9408
111	9409
120	9410
786	9411
786	9412
147	9413
89	9414
805	9415
2257	9416
722	9417
605	9418
1943	9419
5	9420
279	9421
34	9422
34	9423
321	9424
1265	9425
1497	9426
814	9427
12	9428
754	9429
137	9430
2963	9431
1495	9432
236	9433
553	9434
2231	9435
1661	9436
1	9437
258	9438
2147	9439
906	9440
1607	9441
1474	9442
503	9443
689	9444
1086	9445
1324	9446
488	9447
725	9448
1228	9449
1015	9450
2413	9451
1520	9452
774	9453
174	9454
731	9455
156	9456
1417	9457
736	9458
2805	9459
1432	9460
1460	9461
3	9462
1576	9463
705	9464
1692	9465
28	9466
463	9467
52	9468
2104	9469
69	9470
104	9471
4	9472
5	9473
856	9474
22	9475
615	9476
267	9477
29	9478
336	9479
2629	9480
1225	9481
1294	9482
2031	9483
29	9484
94	9485
216	9486
873	9487
1606	9488
288	9489
342	9490
13	9491
234	9492
187	9493
1350	9494
1026	9495
478	9496
6	9497
6	9498
195	9499
195	9500
936	9501
1153	9502
2530	9503
1756	9504
1759	9505
2863	9506
2865	9507
2869	9508
2878	9509
1619	9510
714	9511
1757	9512
123	9513
1861	9514
2209	9515
2664	9516
2507	9517
2993	9518
296	9519
29	9520
244	9521
59	9522
336	9523
591	9524
428	9525
59	9526
588	9527
1240	9528
267	9529
238	9530
244	9531
59	9532
336	9533
22	9534
824	9535
68	9536
1705	9537
878	9538
1121	9539
3	9540
2080	9541
2258	9542
258	9543
86	9544
1922	9545
2187	9546
1311	9547
2211	9548
1742	9549
1783	9550
66	9551
590	9552
590	9553
2612	9554
1253	9555
96	9556
93	9557
3050	9558
5	9559
2092	9560
659	9561
821	9562
2620	9563
32	9564
515	9565
105	9566
2322	9567
551	9568
2010	9569
2771	9570
201	9571
2195	9572
13	9573
254	9574
50	9575
2368	9576
585	9577
1517	9578
1023	9579
11	9580
2493	9581
29	9582
38	9583
2032	9584
15	9585
2300	9586
60	9587
3053	9588
41	9589
109	9590
1434	9591
34	9592
2445	9593
275	9594
1848	9595
96	9596
106	9597
117	9598
2775	9599
898	9600
33	9601
56	9602
72	9603
999	9604
916	9605
275	9606
1022	9607
92	9608
17	9609
321	9610
144	9611
298	9612
142	9613
86	9614
466	9615
142	9616
48	9617
92	9618
121	9619
24	9620
201	9621
235	9622
586	9623
301	9624
1585	9625
214	9626
319	9627
1603	9628
112	9629
48	9630
204	9631
572	9632
127	9633
736	9634
217	9635
413	9636
555	9637
1188	9638
79	9639
570	9640
905	9641
811	9642
445	9643
2374	9644
230	9645
144	9646
35	9647
87	9648
122	9649
298	9650
141	9651
17	9652
109	9653
625	9654
630	9655
471	9656
1865	9657
787	9658
1784	9659
910	9660
1519	9661
687	9662
84	9663
637	9664
787	9665
578	9666
441	9667
1	9668
1478	9669
1231	9670
12	9671
685	9672
40	9673
29	9674
199	9675
1665	9676
1664	9677
312	9678
798	9679
2772	9680
552	9681
516	9682
12	9683
12	9684
262	9685
1440	9686
2641	9687
514	9688
645	9689
1401	9690
607	9691
376	9692
709	9693
1632	9694
544	9695
61	9696
61	9697
61	9698
8	9699
1448	9700
357	9701
1083	9702
1329	9703
585	9704
4	9705
1083	9706
1150	9707
1291	9708
2713	9709
2748	9710
2709	9711
2007	9712
1217	9713
12	9714
506	9715
127	9716
1525	9717
1060	9718
506	9719
1594	9720
246	9721
351	9722
1513	9723
694	9724
2271	9725
120	9726
119	9727
1904	9728
2619	9729
870	9730
217	9731
785	9732
1422	9733
3	9734
662	9735
48	9736
2517	9737
14	9738
93	9739
17	9740
51	9741
473	9742
2647	9743
221	9744
221	9745
446	9746
14	9747
928	9748
840	9749
766	9750
1116	9751
111	9752
465	9753
465	9754
465	9755
864	9756
2783	9757
2987	9758
137	9759
137	9760
2278	9761
1844	9762
100	9763
322	9764
1091	9765
939	9766
939	9767
895	9768
1105	9769
309	9770
2773	9771
572	9772
969	9773
660	9774
165	9775
1412	9776
1	9777
801	9778
212	9779
1197	9780
115	9781
1822	9782
770	9783
1011	9784
1208	9785
1069	9786
315	9787
156	9788
122	9789
122	9790
2109	9791
1217	9792
1072	9793
593	9794
123	9795
1	9796
850	9797
94	9798
928	9799
1733	9800
918	9801
975	9802
975	9803
1184	9804
1024	9805
831	9806
743	9807
2	9808
1	9809
1024	9810
2685	9811
1086	9812
1730	9813
1197	9814
177	9815
86	9816
176	9817
24	9818
36	9819
96	9820
254	9821
73	9822
181	9823
58	9824
698	9825
378	9826
1803	9827
100	9828
2317	9829
506	9830
542	9831
1180	9832
498	9833
670	9834
1	9835
1	9836
1	9837
420	9838
70	9839
1872	9840
2923	9841
197	9842
168	9843
2684	9844
233	9845
82	9846
1050	9847
987	9848
802	9849
796	9850
608	9851
176	9852
1392	9853
26	9854
59	9855
2	9856
874	9857
106	9858
106	9859
106	9860
106	9861
106	9862
1109	9863
817	9864
2976	9865
2033	9866
624	9867
2699	9868
1850	9869
794	9870
2197	9871
558	9872
2472	9873
690	9874
690	9875
2816	9876
209	9877
686	9878
1830	9879
186	9880
186	9881
273	9882
2586	9883
1439	9884
318	9885
542	9886
1296	9887
77	9888
304	9889
280	9890
1422	9891
733	9892
984	9893
1964	9894
558	9895
54	9896
762	9897
85	9898
620	9899
620	9900
304	9901
14	9902
1096	9903
1096	9904
5	9905
245	9906
25	9907
49	9908
497	9909
561	9910
1269	9911
244	9912
765	9913
612	9914
56	9915
44	9916
30	9917
338	9918
204	9919
2324	9920
13	9921
57	9922
14	9923
159	9924
396	9925
692	9926
837	9927
1143	9928
1467	9929
300	9930
11	9931
436	9932
184	9933
564	9934
449	9935
7	9936
265	9937
70	9938
600	9939
1161	9940
1627	9941
251	9942
35	9943
459	9944
107	9945
194	9946
699	9947
70	9948
116	9949
73	9950
78	9951
45	9952
118	9953
20	9954
3	9955
554	9956
1088	9957
1473	9958
770	9959
199	9960
169	9961
202	9962
48	9963
2	9964
2945	9965
132	9966
11	9967
3	9968
111	9969
95	9970
1001	9971
993	9972
15	9973
584	9974
1364	9975
193	9976
34	9977
69	9978
15	9979
34	9980
428	9981
392	9982
630	9983
2034	9984
3	9985
539	9986
850	9987
83	9988
711	9989
711	9990
456	9991
878	9992
2035	9993
155	9994
155	9995
1161	9996
134	9997
134	9998
134	9999
1560	10000
